439	33
3.0	9.0	27.0	0.0	0.0	0.0	7.0	49.0	343.0	0.0	0.0	0.0	0.0	0.0	0.0	0.0	0.0	0.0	1.0	1.0	1.0	0.80583	0.64936	0.52328	0.72979	0.53260	0.38869	0.48083	0.23120	0.11116	0.16481	0.02716	0.00447	4302.0
2.0	4.0	8.0	0.0	0.0	0.0	3.0	9.0	27.0	0.0	0.0	0.0	5.0	25.0	125.0	1.0	1.0	1.0	1.0	1.0	1.0	0.26416	0.06978	0.01843	0.25631	0.06569	0.01683	0.495	0.24502	0.12128	0.23072	0.05323	0.01228	2210.0
3.0	9.0	27.0	0.0	0.0	0.0	7.0	49.0	343.0	1.0	1.0	1.0	1.0	1.0	1.0	0.0	0.0	0.0	2.0	4.0	8.0	0.72666	0.52804	0.38371	0.66541	0.44277	0.29463	0.63791	0.40693	0.25959	0.08147	0.00663	0.00054	6043.0
1.0	1.0	1.0	0.0	0.0	0.0	3.0	9.0	27.0	0.0	0.0	0.0	3.0	9.0	27.0	1.0	1.0	1.0	2.0	4.0	8.0	0.36521	0.13338	0.04871	0.36693	0.13463	0.04940	0.77652	0.60298	0.46823	0.20311	0.04125	0.00837	2192.0
3.0	9.0	27.0	0.0	0.0	0.0	9.0	81.0	729.0	0.0	0.0	0.0	4.0	16.0	64.0	1.0	1.0	1.0	1.0	1.0	1.0	0.655	0.42902	0.28101	0.61492	0.37812	0.23251	0.63916	0.40853	0.26112	0.14179	0.02010	0.00285	5115.0
2.0	4.0	8.0	1.0	1.0	1.0	6.0	36.0	216.0	0.0	0.0	0.0	1.0	1.0	1.0	1.0	1.0	1.0	2.0	4.0	8.0	0.72083	0.51960	0.37454	0.65972	0.43523	0.28713	0.58791	0.34564	0.20321	0.20771	0.04314	0.00896	6664.0
2.0	4.0	8.0	0.0	0.0	0.0	5.0	25.0	125.0	0.0	0.0	0.0	0.0	0.0	0.0	0.0	0.0	0.0	1.0	1.0	1.0	0.52833	0.27913	0.14747	0.51893	0.26929	0.13974	0.63166	0.39900	0.25203	0.07463	0.00557	0.00041	4333.0
3.0	9.0	27.0	0.0	0.0	0.0	8.0	64.0	512.0	0.0	0.0	0.0	0.0	0.0	0.0	0.0	0.0	0.0	2.0	4.0	8.0	0.67666	0.45787	0.30983	0.62438	0.38986	0.24342	0.8175	0.66830	0.54634	0.22263	0.04956	0.01103	3820.0
1.0	1.0	1.0	1.0	1.0	1.0	1.0	1.0	1.0	1.0	1.0	1.0	1.0	1.0	1.0	0.0	0.0	0.0	1.0	1.0	1.0	0.27304	0.07455	0.02035	0.25230	0.06365	0.01606	0.38130	0.14539	0.05543	0.32966	0.10867	0.03582	1951.0
3.0	9.0	27.0	0.0	0.0	0.0	9.0	81.0	729.0	0.0	0.0	0.0	0.0	0.0	0.0	0.0	0.0	0.0	1.0	1.0	1.0	0.65333	0.42684	0.27887	0.60922	0.37115	0.22612	0.71375	0.50943	0.36361	0.11505	0.01323	0.00152	5046.0
4.0	16.0	64.0	0.0	0.0	0.0	9.0	81.0	729.0	0.0	0.0	0.0	1.0	1.0	1.0	1.0	1.0	1.0	2.0	4.0	8.0	0.64916	0.42141	0.27357	0.58904	0.34697	0.20438	0.84833	0.71966	0.61051	0.1107	0.01225	0.00135	4630.0
1.0	1.0	1.0	0.0	0.0	0.0	1.0	1.0	1.0	0.0	0.0	0.0	3.0	9.0	27.0	1.0	1.0	1.0	1.0	1.0	1.0	0.22695	0.05150	0.01169	0.22927	0.05256	0.01205	0.43695	0.19093	0.08342	0.1869	0.03493	0.00652	1600.0
3.0	9.0	27.0	1.0	1.0	1.0	9.0	81.0	729.0	0.0	0.0	0.0	3.0	9.0	27.0	1.0	1.0	1.0	1.0	1.0	1.0	0.5525	0.30525	0.16865	0.54040	0.29203	0.15781	0.53666	0.28801	0.15456	0.21517	0.04630	0.00996	7591.0
1.0	1.0	1.0	1.0	1.0	1.0	2.0	4.0	8.0	0.0	0.0	0.0	2.0	4.0	8.0	1.0	1.0	1.0	1.0	1.0	1.0	0.35416	0.12543	0.04442	0.36110	0.13039	0.04708	0.49625	0.24626	0.12220	0.14737	0.02172	0.00320	4375.0
4.0	16.0	64.0	1.0	1.0	1.0	10.0	100.0	1000.0	0.0	0.0	0.0	5.0	25.0	125.0	1.0	1.0	1.0	1.0	1.0	1.0	0.4375	0.19140	0.08374	0.43307	0.18755	0.08122	0.53916	0.29070	0.15673	0.23509	0.05526	0.01299	7282.0
2.0	4.0	8.0	1.0	1.0	1.0	6.0	36.0	216.0	0.0	0.0	0.0	0.0	0.0	0.0	0.0	0.0	0.0	1.0	1.0	1.0	0.6025	0.36300	0.21871	0.57513	0.33077	0.19024	0.49333	0.24337	0.12006	0.18408	0.03388	0.00623	7641.0
3.0	9.0	27.0	1.0	1.0	1.0	9.0	81.0	729.0	0.0	0.0	0.0	5.0	25.0	125.0	1.0	1.0	1.0	1.0	1.0	1.0	0.70333	0.49467	0.34792	0.65720	0.43191	0.28385	0.73625	0.54206	0.39909	0.17164	0.02946	0.00505	7504.0
4.0	16.0	64.0	0.0	0.0	0.0	11.0	121.0	1331.0	0.0	0.0	0.0	2.0	4.0	8.0	1.0	1.0	1.0	1.0	1.0	1.0	0.40083	0.16066	0.06440	0.39708	0.15767	0.06261	0.68375	0.46751	0.31966	0.13557	0.01837	0.00249	4068.0
1.0	1.0	1.0	0.0	0.0	0.0	3.0	9.0	27.0	0.0	0.0	0.0	0.0	0.0	0.0	0.0	0.0	0.0	2.0	4.0	8.0	0.37652	0.14176	0.05337	0.36625	0.13414	0.04912	0.94826	0.89919	0.85267	0.34328	0.11784	0.04045	605.0
3.0	9.0	27.0	0.0	0.0	0.0	8.0	64.0	512.0	0.0	0.0	0.0	5.0	25.0	125.0	1.0	1.0	1.0	2.0	4.0	8.0	0.685	0.46922	0.32141	0.63322	0.40096	0.25390	0.72291	0.52260	0.37780	0.13930	0.01940	0.00270	4153.0
2.0	4.0	8.0	0.0	0.0	0.0	4.0	16.0	64.0	0.0	0.0	0.0	1.0	1.0	1.0	1.0	1.0	1.0	1.0	1.0	1.0	0.5125	0.26265	0.13461	0.50314	0.25315	0.12737	0.5425	0.29430	0.15966	0.16356	0.02675	0.00437	3429.0
2.0	4.0	8.0	1.0	1.0	1.0	4.0	16.0	64.0	0.0	0.0	0.0	4.0	16.0	64.0	1.0	1.0	1.0	1.0	1.0	1.0	0.435	0.18922	0.08231	0.43116	0.18590	0.08015	0.37416	0.14000	0.05238	0.21952	0.04819	0.01057	6457.0
2.0	4.0	8.0	0.0	0.0	0.0	5.0	25.0	125.0	0.0	0.0	0.0	4.0	16.0	64.0	1.0	1.0	1.0	2.0	4.0	8.0	0.53083	0.28178	0.14958	0.51074	0.26085	0.13323	0.82958	0.68820	0.57092	0.10821	0.01171	0.00126	4575.0
3.0	9.0	27.0	0.0	0.0	0.0	7.0	49.0	343.0	0.0	0.0	0.0	5.0	25.0	125.0	1.0	1.0	1.0	1.0	1.0	1.0	0.66333	0.44001	0.29187	0.62437	0.38983	0.24340	0.59125	0.34957	0.20668	0.18283	0.03342	0.00611	5538.0
2.0	4.0	8.0	1.0	1.0	1.0	6.0	36.0	216.0	0.0	0.0	0.0	5.0	25.0	125.0	1.0	1.0	1.0	1.0	1.0	1.0	0.63916	0.40853	0.26112	0.59975	0.35970	0.21573	0.58958	0.34760	0.20494	0.17661	0.03119	0.00550	7665.0
1.0	1.0	1.0	0.0	0.0	0.0	2.0	4.0	8.0	0.0	0.0	0.0	3.0	9.0	27.0	1.0	1.0	1.0	1.0	1.0	1.0	0.22173	0.04916	0.01090	0.24571	0.06037	0.01483	0.42304	0.17896	0.07571	0.09411	0.00885	0.00083	1917.0
2.0	4.0	8.0	0.0	0.0	0.0	5.0	25.0	125.0	0.0	0.0	0.0	0.0	0.0	0.0	0.0	0.0	0.0	1.0	1.0	1.0	0.6675	0.44555	0.29740	0.61555	0.37890	0.23323	0.81875	0.67035	0.54885	0.21393	0.04576	0.00979	4788.0
1.0	1.0	1.0	0.0	0.0	0.0	3.0	9.0	27.0	0.0	0.0	0.0	3.0	9.0	27.0	1.0	1.0	1.0	1.0	1.0	1.0	0.335	0.11222	0.03759	0.32007	0.10244	0.03278	0.44958	0.20212	0.09087	0.30783	0.09476	0.02917	2134.0
2.0	4.0	8.0	0.0	0.0	0.0	6.0	36.0	216.0	0.0	0.0	0.0	4.0	16.0	64.0	1.0	1.0	1.0	2.0	4.0	8.0	0.62833	0.39480	0.24806	0.59534	0.35443	0.21101	0.68833	0.47380	0.32613	0.20647	0.04263	0.00880	3767.0
2.0	4.0	8.0	0.0	0.0	0.0	4.0	16.0	64.0	0.0	0.0	0.0	3.0	9.0	27.0	1.0	1.0	1.0	2.0	4.0	8.0	0.4125	0.17015	0.07018	0.41728	0.17412	0.07265	0.81916	0.67103	0.54968	0.25061	0.06280	0.01574	2162.0
2.0	4.0	8.0	0.0	0.0	0.0	4.0	16.0	64.0	0.0	0.0	0.0	1.0	1.0	1.0	1.0	1.0	1.0	1.0	1.0	1.0	0.57333	0.32871	0.18846	0.54292	0.29477	0.16004	0.42625	0.18168	0.07744	0.38557	0.14866	0.05732	3115.0
2.0	4.0	8.0	1.0	1.0	1.0	4.0	16.0	64.0	0.0	0.0	0.0	0.0	0.0	0.0	0.0	0.0	0.0	3.0	9.0	27.0	0.39666	0.15734	0.06241	0.38950	0.15171	0.05909	0.83541	0.69792	0.58305	0.34454	0.11871	0.04090	1027.0
1.0	1.0	1.0	0.0	0.0	0.0	1.0	1.0	1.0	0.0	0.0	0.0	0.0	0.0	0.0	0.0	0.0	0.0	2.0	4.0	8.0	0.36347	0.13211	0.04802	0.35373	0.12513	0.04426	0.69608	0.48453	0.33727	0.24853	0.06177	0.01535	801.0
3.0	9.0	27.0	0.0	0.0	0.0	8.0	64.0	512.0	0.0	0.0	0.0	2.0	4.0	8.0	1.0	1.0	1.0	1.0	1.0	1.0	0.64083	0.41066	0.26316	0.60606	0.36731	0.22261	0.45541	0.20740	0.09445	0.14676	0.02153	0.00316	5895.0
4.0	16.0	64.0	0.0	0.0	0.0	11.0	121.0	1331.0	0.0	0.0	0.0	6.0	36.0	216.0	0.0	0.0	0.0	1.0	1.0	1.0	0.32666	0.10671	0.03485	0.32385	0.10488	0.03396	0.51916	0.26953	0.13993	0.18906	0.03574	0.00675	3926.0
1.0	1.0	1.0	0.0	0.0	0.0	12.0	144.0	1728.0	0.0	0.0	0.0	3.0	9.0	27.0	1.0	1.0	1.0	2.0	4.0	8.0	0.42833	0.18346	0.07858	0.42801	0.18319	0.07841	0.85833	0.73673	0.63236	0.2214	0.04901	0.01085	2660.0
1.0	1.0	1.0	1.0	1.0	1.0	3.0	9.0	27.0	0.0	0.0	0.0	4.0	16.0	64.0	1.0	1.0	1.0	1.0	1.0	1.0	0.5275	0.27825	0.14678	0.52460	0.27520	0.14437	0.5675	0.32205	0.18276	0.44156	0.19497	0.08609	5382.0
2.0	4.0	8.0	1.0	1.0	1.0	4.0	16.0	64.0	0.0	0.0	0.0	3.0	9.0	27.0	1.0	1.0	1.0	1.0	1.0	1.0	0.34869	0.12158	0.04239	0.33727	0.11375	0.03836	0.46956	0.22049	0.10353	0.29527	0.08718	0.02574	4862.0
1.0	1.0	1.0	0.0	0.0	0.0	2.0	4.0	8.0	0.0	0.0	0.0	6.0	36.0	216.0	0.0	0.0	0.0	1.0	1.0	1.0	0.2225	0.04950	0.01101	0.23295	0.05426	0.01264	0.54416	0.29611	0.16113	0.20336	0.04135	0.00841	1472.0
1.0	1.0	1.0	0.0	0.0	0.0	1.0	1.0	1.0	0.0	0.0	0.0	5.0	25.0	125.0	1.0	1.0	1.0	2.0	4.0	8.0	0.19652	0.03862	0.00758	0.20883	0.04361	0.00910	0.49869	0.24869	0.12402	0.16872	0.02846	0.00480	1510.0
3.0	9.0	27.0	1.0	1.0	1.0	8.0	64.0	512.0	0.0	0.0	0.0	4.0	16.0	64.0	1.0	1.0	1.0	1.0	1.0	1.0	0.71916	0.51720	0.37195	0.65468	0.42861	0.28060	0.51916	0.26953	0.13993	0.14179	0.02010	0.00285	7605.0
1.0	1.0	1.0	0.0	0.0	0.0	2.0	4.0	8.0	0.0	0.0	0.0	0.0	0.0	0.0	0.0	0.0	0.0	1.0	1.0	1.0	0.31652	0.10018	0.03171	0.32411	0.10504	0.03404	0.45739	0.20920	0.09568	0.26088	0.06805	0.01775	1589.0
2.0	4.0	8.0	0.0	0.0	0.0	4.0	16.0	64.0	0.0	0.0	0.0	2.0	4.0	8.0	1.0	1.0	1.0	2.0	4.0	8.0	0.50583	0.25586	0.12942	0.48925	0.23937	0.11711	0.66583	0.44333	0.29518	0.15797	0.02495	0.00394	3204.0
4.0	16.0	64.0	1.0	1.0	1.0	10.0	100.0	1000.0	0.0	0.0	0.0	1.0	1.0	1.0	1.0	1.0	1.0	3.0	9.0	27.0	0.44	0.1936	0.08518	0.4394	0.19307	0.08483	0.88	0.7744	0.68147	0.3582	0.12830	0.04595	22.0
3.0	9.0	27.0	1.0	1.0	1.0	8.0	64.0	512.0	0.0	0.0	0.0	1.0	1.0	1.0	1.0	1.0	1.0	1.0	1.0	1.0	0.72083	0.51960	0.37454	0.66225	0.43858	0.29045	0.54541	0.29747	0.16225	0.13621	0.01855	0.00252	6883.0
2.0	4.0	8.0	0.0	0.0	0.0	5.0	25.0	125.0	0.0	0.0	0.0	6.0	36.0	216.0	0.0	0.0	0.0	1.0	1.0	1.0	0.52	0.27040	0.14060	0.51262	0.26278	0.13470	0.54125	0.29295	0.15856	0.16045	0.02574	0.00413	4714.0
4.0	16.0	64.0	0.0	0.0	0.0	9.0	81.0	729.0	0.0	0.0	0.0	0.0	0.0	0.0	0.0	0.0	0.0	2.0	4.0	8.0	0.63416	0.40216	0.25504	0.57263	0.32791	0.18777	0.845	0.71402	0.60335	0.05037	0.00253	0.00012	5010.0
2.0	4.0	8.0	1.0	1.0	1.0	5.0	25.0	125.0	0.0	0.0	0.0	3.0	9.0	27.0	1.0	1.0	1.0	2.0	4.0	8.0	0.62166	0.38646	0.24025	0.58461	0.34177	0.19980	0.77458	0.59997	0.46473	0.102	0.01040	0.00106	5260.0
3.0	9.0	27.0	1.0	1.0	1.0	9.0	81.0	729.0	0.0	0.0	0.0	2.0	4.0	8.0	1.0	1.0	1.0	2.0	4.0	8.0	0.62333	0.38854	0.24219	0.56506	0.31930	0.18042	0.8725	0.76125	0.66419	0.35758	0.12786	0.04572	4073.0
4.0	16.0	64.0	0.0	0.0	0.0	10.0	100.0	1000.0	0.0	0.0	0.0	2.0	4.0	8.0	1.0	1.0	1.0	2.0	4.0	8.0	0.56666	0.32111	0.18196	0.54609	0.29822	0.16285	0.80875	0.65407	0.52898	0.14304	0.02046	0.00292	4563.0
4.0	16.0	64.0	1.0	1.0	1.0	11.0	121.0	1331.0	0.0	0.0	0.0	6.0	36.0	216.0	0.0	0.0	0.0	1.0	1.0	1.0	0.325	0.10562	0.03432	0.32638	0.10652	0.03476	0.54541	0.29747	0.16225	0.17972	0.03230	0.00580	5629.0
4.0	16.0	64.0	1.0	1.0	1.0	11.0	121.0	1331.0	0.0	0.0	0.0	6.0	36.0	216.0	0.0	0.0	0.0	1.0	1.0	1.0	0.27833	0.07746	0.02156	0.24874	0.06187	0.01539	0.40458	0.16368	0.06622	0.37687	0.14203	0.05352	2277.0
3.0	9.0	27.0	1.0	1.0	1.0	7.0	49.0	343.0	0.0	0.0	0.0	2.0	4.0	8.0	1.0	1.0	1.0	1.0	1.0	1.0	0.75083	0.56375	0.42328	0.70645	0.49907	0.35256	0.655	0.42902	0.28101	0.21145	0.04471	0.00945	7592.0
1.0	1.0	1.0	1.0	1.0	1.0	2.0	4.0	8.0	0.0	0.0	0.0	0.0	0.0	0.0	0.0	0.0	0.0	2.0	4.0	8.0	0.26583	0.07066	0.01878	0.26452	0.06997	0.01850	0.68791	0.47322	0.32554	0.17599	0.03097	0.00545	2947.0
3.0	9.0	27.0	1.0	1.0	1.0	9.0	81.0	729.0	0.0	0.0	0.0	4.0	16.0	64.0	1.0	1.0	1.0	2.0	4.0	8.0	0.69666	0.48534	0.33812	0.65532	0.42945	0.28143	0.81041	0.65677	0.53226	0.14242	0.02028	0.00288	6203.0
1.0	1.0	1.0	0.0	0.0	0.0	3.0	9.0	27.0	0.0	0.0	0.0	2.0	4.0	8.0	1.0	1.0	1.0	1.0	1.0	1.0	0.26666	0.07111	0.01896	0.26387	0.06963	0.01837	0.535	0.28622	0.15313	0.21642	0.04683	0.01013	1851.0
3.0	9.0	27.0	1.0	1.0	1.0	8.0	64.0	512.0	0.0	0.0	0.0	0.0	0.0	0.0	0.0	0.0	0.0	1.0	1.0	1.0	0.70083	0.49116	0.34422	0.64457	0.41548	0.26781	0.53041	0.28134	0.14922	0.12251	0.01500	0.00183	6544.0
1.0	1.0	1.0	1.0	1.0	1.0	2.0	4.0	8.0	0.0	0.0	0.0	0.0	0.0	0.0	0.0	0.0	0.0	1.0	1.0	1.0	0.27916	0.07793	0.02175	0.26830	0.07198	0.01931	0.41	0.16809	0.06892	0.20522	0.04211	0.00864	3389.0
2.0	4.0	8.0	0.0	0.0	0.0	4.0	16.0	64.0	0.0	0.0	0.0	5.0	25.0	125.0	1.0	1.0	1.0	2.0	4.0	8.0	0.33583	0.11278	0.03787	0.32447	0.10528	0.03416	0.83625	0.69931	0.58480	0.22699	0.05152	0.01169	1471.0
3.0	9.0	27.0	1.0	1.0	1.0	7.0	49.0	343.0	0.0	0.0	0.0	0.0	0.0	0.0	0.0	0.0	0.0	1.0	1.0	1.0	0.74583	0.55626	0.41488	0.70519	0.49730	0.35069	0.71791	0.51540	0.37001	0.16666	0.02777	0.00462	6031.0
4.0	16.0	64.0	0.0	0.0	0.0	11.0	121.0	1331.0	0.0	0.0	0.0	0.0	0.0	0.0	0.0	0.0	0.0	2.0	4.0	8.0	0.46333	0.21467	0.09946	0.45705	0.20890	0.09548	0.68458	0.46865	0.32083	0.18595	0.03457	0.00642	3520.0
4.0	16.0	64.0	1.0	1.0	1.0	12.0	144.0	1728.0	0.0	0.0	0.0	1.0	1.0	1.0	1.0	1.0	1.0	2.0	4.0	8.0	0.43583	0.18995	0.08278	0.43557	0.18972	0.08263	0.925	0.85562	0.79145	0.19030	0.03621	0.00689	5170.0
1.0	1.0	1.0	0.0	0.0	0.0	2.0	4.0	8.0	0.0	0.0	0.0	4.0	16.0	64.0	1.0	1.0	1.0	1.0	1.0	1.0	0.18695	0.03495	0.00653	0.17787	0.03164	0.00562	0.43782	0.19169	0.08392	0.27775	0.07714	0.02142	1550.0
2.0	4.0	8.0	1.0	1.0	1.0	4.0	16.0	64.0	0.0	0.0	0.0	3.0	9.0	27.0	1.0	1.0	1.0	2.0	4.0	8.0	0.46333	0.21467	0.09946	0.45703	0.20888	0.09546	0.56916	0.32395	0.18438	0.16791	0.02819	0.00473	4367.0
1.0	1.0	1.0	0.0	0.0	0.0	2.0	4.0	8.0	0.0	0.0	0.0	1.0	1.0	1.0	1.0	1.0	1.0	1.0	1.0	1.0	0.27166	0.07380	0.02004	0.30365	0.09220	0.02799	0.73833	0.54513	0.40249	0.04540	0.00206	9.36279	1712.0
1.0	1.0	1.0	1.0	1.0	1.0	3.0	9.0	27.0	0.0	0.0	0.0	0.0	0.0	0.0	0.0	0.0	0.0	2.0	4.0	8.0	0.4725	0.22325	0.10548	0.464	0.21529	0.09989	0.81	0.65610	0.53144	0.12688	0.01609	0.00204	5892.0
4.0	16.0	64.0	0.0	0.0	0.0	12.0	144.0	1728.0	0.0	0.0	0.0	5.0	25.0	125.0	1.0	1.0	1.0	1.0	1.0	1.0	0.31416	0.09870	0.03100	0.33143	0.10984	0.03640	0.62583	0.39166	0.24511	0.10075	0.01015	0.00102	3940.0
2.0	4.0	8.0	0.0	0.0	0.0	4.0	16.0	64.0	0.0	0.0	0.0	2.0	4.0	8.0	1.0	1.0	1.0	1.0	1.0	1.0	0.63166	0.39900	0.25203	0.59408	0.35293	0.20967	0.72916	0.53168	0.38768	0.3265	0.10660	0.03480	4400.0
4.0	16.0	64.0	1.0	1.0	1.0	10.0	100.0	1000.0	0.0	0.0	0.0	4.0	16.0	64.0	1.0	1.0	1.0	2.0	4.0	8.0	0.55	0.30250	0.16637	0.52968	0.28056	0.14861	0.80041	0.64066	0.51280	0.12437	0.01546	0.00192	7359.0
2.0	4.0	8.0	1.0	1.0	1.0	5.0	25.0	125.0	0.0	0.0	0.0	2.0	4.0	8.0	1.0	1.0	1.0	2.0	4.0	8.0	0.58166	0.33833	0.19679	0.55747	0.31077	0.17324	0.68583	0.47036	0.32259	0.29602	0.08763	0.02594	5728.0
4.0	16.0	64.0	1.0	1.0	1.0	10.0	100.0	1000.0	0.0	0.0	0.0	1.0	1.0	1.0	1.0	1.0	1.0	2.0	4.0	8.0	0.56166	0.31546	0.17718	0.53915	0.29068	0.15672	0.7075	0.50055	0.35414	0.29603	0.08763	0.02594	5875.0
3.0	9.0	27.0	1.0	1.0	1.0	9.0	81.0	729.0	0.0	0.0	0.0	5.0	25.0	125.0	1.0	1.0	1.0	1.0	1.0	1.0	0.59916	0.35900	0.21510	0.57197	0.32715	0.18712	0.66875	0.44722	0.29908	0.15422	0.02378	0.00366	8167.0
2.0	4.0	8.0	1.0	1.0	1.0	5.0	25.0	125.0	0.0	0.0	0.0	6.0	36.0	216.0	0.0	0.0	0.0	1.0	1.0	1.0	0.6	0.36	0.21599	0.56690	0.32138	0.18219	0.45625	0.20816	0.09497	0.08397	0.00705	0.00059	8294.0
4.0	16.0	64.0	0.0	0.0	0.0	10.0	100.0	1000.0	0.0	0.0	0.0	6.0	36.0	216.0	0.0	0.0	0.0	1.0	1.0	1.0	0.50666	0.25671	0.13006	0.49872	0.24872	0.12404	0.48333	0.23361	0.11291	0.25808	0.06660	0.01719	5217.0
2.0	4.0	8.0	1.0	1.0	1.0	6.0	36.0	216.0	0.0	0.0	0.0	3.0	9.0	27.0	1.0	1.0	1.0	1.0	1.0	1.0	0.7825	0.61230	0.47912	0.72097	0.51980	0.37476	0.59208	0.35056	0.20756	0.11381	0.01295	0.00147	6211.0
4.0	16.0	64.0	0.0	0.0	0.0	11.0	121.0	1331.0	0.0	0.0	0.0	6.0	36.0	216.0	0.0	0.0	0.0	1.0	1.0	1.0	0.32916	0.10835	0.03566	0.32448	0.10528	0.03416	0.50208	0.25208	0.12656	0.22449	0.05039	0.01131	3663.0
1.0	1.0	1.0	1.0	1.0	1.0	12.0	144.0	1728.0	0.0	0.0	0.0	6.0	36.0	216.0	0.0	0.0	0.0	1.0	1.0	1.0	0.26583	0.07066	0.01878	0.23611	0.05574	0.01316	0.44125	0.19470	0.08591	0.40734	0.16593	0.06759	1749.0
2.0	4.0	8.0	1.0	1.0	1.0	5.0	25.0	125.0	0.0	0.0	0.0	5.0	25.0	125.0	1.0	1.0	1.0	1.0	1.0	1.0	0.56416	0.31828	0.17956	0.55112	0.30373	0.16739	0.52333	0.27387	0.14332	0.13681	0.01871	0.00256	7639.0
3.0	9.0	27.0	1.0	1.0	1.0	8.0	64.0	512.0	0.0	0.0	0.0	4.0	16.0	64.0	1.0	1.0	1.0	1.0	1.0	1.0	0.70666	0.49937	0.35289	0.65277	0.42612	0.27816	0.59041	0.34859	0.20581	0.07711	0.00594	0.00045	7713.0
2.0	4.0	8.0	0.0	0.0	0.0	5.0	25.0	125.0	0.0	0.0	0.0	6.0	36.0	216.0	0.0	0.0	0.0	1.0	1.0	1.0	0.6025	0.36300	0.21871	0.57197	0.32715	0.18712	0.62666	0.39271	0.24609	0.12065	0.01455	0.00175	5805.0
1.0	1.0	1.0	0.0	0.0	0.0	2.0	4.0	8.0	0.0	0.0	0.0	1.0	1.0	1.0	1.0	1.0	1.0	1.0	1.0	1.0	0.415	0.17222	0.07147	0.39835	0.15868	0.06321	0.37583	0.14125	0.05308	0.41790	0.17464	0.07298	1913.0
2.0	4.0	8.0	1.0	1.0	1.0	3.0	9.0	27.0	0.0	0.0	0.0	5.0	25.0	125.0	1.0	1.0	1.0	2.0	4.0	8.0	0.60166	0.36200	0.21780	0.57006	0.32497	0.18525	0.69416	0.48186	0.33449	0.1163	0.01352	0.00157	8362.0
2.0	4.0	8.0	0.0	0.0	0.0	5.0	25.0	125.0	0.0	0.0	0.0	6.0	36.0	216.0	0.0	0.0	0.0	2.0	4.0	8.0	0.52083	0.27126	0.14128	0.50062	0.25062	0.12547	0.9225	0.85100	0.78505	0.13495	0.01821	0.00245	3409.0
2.0	4.0	8.0	0.0	0.0	0.0	5.0	25.0	125.0	0.0	0.0	0.0	1.0	1.0	1.0	1.0	1.0	1.0	2.0	4.0	8.0	0.54916	0.30158	0.16562	0.53283	0.28391	0.15127	0.73	0.53289	0.38901	0.18345	0.03365	0.00617	4401.0
3.0	9.0	27.0	1.0	1.0	1.0	7.0	49.0	343.0	0.0	0.0	0.0	0.0	0.0	0.0	0.0	0.0	0.0	2.0	4.0	8.0	0.6675	0.44555	0.29740	0.62312	0.38828	0.24194	0.7625	0.58140	0.44332	0.09392	0.00882	0.00082	7410.0
1.0	1.0	1.0	1.0	1.0	1.0	2.0	4.0	8.0	0.0	0.0	0.0	5.0	25.0	125.0	1.0	1.0	1.0	1.0	1.0	1.0	0.34333	0.11787	0.04047	0.35162	0.12364	0.04347	0.63458	0.40269	0.25554	0.20584	0.04237	0.00872	4154.0
4.0	16.0	64.0	1.0	1.0	1.0	12.0	144.0	1728.0	0.0	0.0	0.0	3.0	9.0	27.0	1.0	1.0	1.0	1.0	1.0	1.0	0.3325	0.11055	0.03675	0.34216	0.11707	0.04005	0.62541	0.39114	0.24462	0.18409	0.03388	0.00623	5267.0
3.0	9.0	27.0	0.0	0.0	0.0	8.0	64.0	512.0	0.0	0.0	0.0	5.0	25.0	125.0	1.0	1.0	1.0	1.0	1.0	1.0	0.7	0.48999	0.34299	0.65973	0.43524	0.28714	0.76125	0.57950	0.44114	0.08396	0.00704	0.00059	4661.0
4.0	16.0	64.0	0.0	0.0	0.0	10.0	100.0	1000.0	0.0	0.0	0.0	0.0	0.0	0.0	0.0	0.0	0.0	1.0	1.0	1.0	0.31916	0.10186	0.03251	0.32132	0.10325	0.03317	0.62375	0.38906	0.24267	0.17661	0.03119	0.00550	3331.0
1.0	1.0	1.0	1.0	1.0	1.0	2.0	4.0	8.0	0.0	0.0	0.0	2.0	4.0	8.0	1.0	1.0	1.0	2.0	4.0	8.0	0.31916	0.10186	0.03251	0.33394	0.11151	0.03724	0.50875	0.25882	0.13167	0.14117	0.01993	0.00281	3922.0
3.0	9.0	27.0	1.0	1.0	1.0	8.0	64.0	512.0	0.0	0.0	0.0	5.0	25.0	125.0	1.0	1.0	1.0	1.0	1.0	1.0	0.76416	0.58395	0.44623	0.6894	0.47527	0.32765	0.5875	0.34515	0.20277	0.16853	0.02840	0.00478	7350.0
1.0	1.0	1.0	0.0	0.0	0.0	1.0	1.0	1.0	0.0	0.0	0.0	6.0	36.0	216.0	0.0	0.0	0.0	1.0	1.0	1.0	0.19652	0.03862	0.00758	0.21212	0.04499	0.00954	0.65173	0.42476	0.27683	0.14536	0.02113	0.00307	1098.0
1.0	1.0	1.0	0.0	0.0	0.0	1.0	1.0	1.0	0.0	0.0	0.0	1.0	1.0	1.0	1.0	1.0	1.0	1.0	1.0	1.0	0.15083	0.02275	0.00343	0.15088	0.02276	0.00343	0.48291	0.23320	0.11262	0.22326	0.04984	0.01112	1321.0
1.0	1.0	1.0	0.0	0.0	0.0	1.0	1.0	1.0	0.0	0.0	0.0	2.0	4.0	8.0	1.0	1.0	1.0	2.0	4.0	8.0	0.16909	0.02859	0.00483	0.19146	0.03665	0.00701	0.68636	0.47109	0.32334	0.12213	0.01491	0.00182	1263.0
3.0	9.0	27.0	1.0	1.0	1.0	7.0	49.0	343.0	0.0	0.0	0.0	6.0	36.0	216.0	0.0	0.0	0.0	2.0	4.0	8.0	0.70333	0.49467	0.34792	0.66604	0.44361	0.29546	0.69916	0.48883	0.34177	0.14367	0.02064	0.00296	6969.0
3.0	9.0	27.0	0.0	0.0	0.0	9.0	81.0	729.0	0.0	0.0	0.0	6.0	36.0	216.0	0.0	0.0	0.0	1.0	1.0	1.0	0.66916	0.44778	0.29964	0.63321	0.40095	0.25389	0.71666	0.51361	0.36808	0.18532	0.03434	0.00636	4484.0
1.0	1.0	1.0	0.0	0.0	0.0	2.0	4.0	8.0	0.0	0.0	0.0	0.0	0.0	0.0	0.0	0.0	0.0	1.0	1.0	1.0	0.28521	0.08134	0.02320	0.27733	0.07691	0.02132	0.40782	0.16632	0.06783	0.22323	0.04983	0.01112	1812.0
3.0	9.0	27.0	1.0	1.0	1.0	7.0	49.0	343.0	0.0	0.0	0.0	2.0	4.0	8.0	1.0	1.0	1.0	1.0	1.0	1.0	0.81833	0.66966	0.54801	0.75568	0.57105	0.43153	0.50583	0.25586	0.12942	0.11442	0.01309	0.00149	6786.0
2.0	4.0	8.0	1.0	1.0	1.0	4.0	16.0	64.0	0.0	0.0	0.0	2.0	4.0	8.0	1.0	1.0	1.0	1.0	1.0	1.0	0.60833	0.37006	0.22512	0.59848	0.35818	0.21437	0.39041	0.15242	0.05950	0.27362	0.07487	0.02048	6691.0
4.0	16.0	64.0	0.0	0.0	0.0	12.0	144.0	1728.0	0.0	0.0	0.0	5.0	25.0	125.0	1.0	1.0	1.0	2.0	4.0	8.0	0.375	0.14062	0.05273	0.35982	0.12947	0.04658	0.50041	0.25041	0.12531	0.26057	0.06789	0.01769	3577.0
3.0	9.0	27.0	0.0	0.0	0.0	7.0	49.0	343.0	0.0	0.0	0.0	6.0	36.0	216.0	0.0	0.0	0.0	1.0	1.0	1.0	0.73333	0.53777	0.39436	0.66415	0.44110	0.29296	0.60916	0.37108	0.22605	0.16791	0.02819	0.00473	5336.0
3.0	9.0	27.0	1.0	1.0	1.0	6.0	36.0	216.0	0.0	0.0	0.0	5.0	25.0	125.0	1.0	1.0	1.0	1.0	1.0	1.0	0.83416	0.69583	0.58044	0.78661	0.61876	0.48672	0.48875	0.23887	0.11675	0.16541	0.02736	0.00452	5463.0
1.0	1.0	1.0	1.0	1.0	1.0	1.0	1.0	1.0	0.0	0.0	0.0	0.0	0.0	0.0	0.0	0.0	0.0	2.0	4.0	8.0	0.1625	0.02640	0.00429	0.16225	0.02632	0.00427	0.79625	0.63401	0.50483	0.19963	0.03985	0.00795	1977.0
3.0	9.0	27.0	0.0	0.0	0.0	8.0	64.0	512.0	0.0	0.0	0.0	3.0	9.0	27.0	1.0	1.0	1.0	1.0	1.0	1.0	0.67333	0.45337	0.30527	0.63069	0.39777	0.25087	0.605	0.36602	0.22144	0.25310	0.06406	0.01621	5130.0
2.0	4.0	8.0	0.0	0.0	0.0	3.0	9.0	27.0	0.0	0.0	0.0	4.0	16.0	64.0	1.0	1.0	1.0	3.0	9.0	27.0	0.26833	0.07200	0.01932	0.25757	0.06634	0.01708	0.91833	0.84333	0.77446	0.21764	0.04736	0.01030	1685.0
1.0	1.0	1.0	1.0	1.0	1.0	1.0	1.0	1.0	0.0	0.0	0.0	3.0	9.0	27.0	1.0	1.0	1.0	2.0	4.0	8.0	0.27416	0.07516	0.02060	0.28282	0.07998	0.02262	0.8475	0.71825	0.60872	0.13122	0.01721	0.00225	2177.0
4.0	16.0	64.0	0.0	0.0	0.0	9.0	81.0	729.0	0.0	0.0	0.0	2.0	4.0	8.0	1.0	1.0	1.0	2.0	4.0	8.0	0.63666	0.40534	0.25806	0.57452	0.33007	0.18963	0.88541	0.78396	0.69413	0.11817	0.01396	0.00165	4120.0
2.0	4.0	8.0	0.0	0.0	0.0	4.0	16.0	64.0	0.0	0.0	0.0	6.0	36.0	216.0	0.0	0.0	0.0	1.0	1.0	1.0	0.4725	0.22325	0.10548	0.46402	0.21531	0.09991	0.50333	0.25334	0.12751	0.23507	0.05526	0.01299	5312.0
3.0	9.0	27.0	1.0	1.0	1.0	9.0	81.0	729.0	0.0	0.0	0.0	3.0	9.0	27.0	1.0	1.0	1.0	1.0	1.0	1.0	0.73666	0.54267	0.39977	0.70898	0.50265	0.35637	0.74125	0.54945	0.40728	0.18780	0.03527	0.00662	7112.0
3.0	9.0	27.0	1.0	1.0	1.0	7.0	49.0	343.0	0.0	0.0	0.0	0.0	0.0	0.0	0.0	0.0	0.0	1.0	1.0	1.0	0.72166	0.52080	0.37584	0.66793	0.44613	0.29798	0.62375	0.38906	0.24267	0.17039	0.02903	0.00494	6597.0
2.0	4.0	8.0	1.0	1.0	1.0	5.0	25.0	125.0	0.0	0.0	0.0	6.0	36.0	216.0	0.0	0.0	0.0	1.0	1.0	1.0	0.6925	0.47955	0.33209	0.64269	0.41305	0.26547	0.7325	0.53655	0.39302	0.19899	0.03959	0.00787	6536.0
1.0	1.0	1.0	1.0	1.0	1.0	1.0	1.0	1.0	0.0	0.0	0.0	3.0	9.0	27.0	1.0	1.0	1.0	1.0	1.0	1.0	0.30333	0.09201	0.02790	0.27525	0.07576	0.02085	0.44333	0.19654	0.08713	0.41542	0.17258	0.07169	3376.0
2.0	4.0	8.0	0.0	0.0	0.0	5.0	25.0	125.0	0.0	0.0	0.0	3.0	9.0	27.0	1.0	1.0	1.0	2.0	4.0	8.0	0.55	0.30250	0.16637	0.52715	0.27789	0.14649	0.87	0.7569	0.65850	0.20149	0.04059	0.00818	3855.0
3.0	9.0	27.0	0.0	0.0	0.0	8.0	64.0	512.0	0.0	0.0	0.0	6.0	36.0	216.0	0.0	0.0	0.0	2.0	4.0	8.0	0.71666	0.51361	0.36808	0.67615	0.45718	0.30912	0.755	0.57002	0.43036	0.22825	0.05209	0.01189	4294.0
1.0	1.0	1.0	1.0	1.0	1.0	12.0	144.0	1728.0	1.0	1.0	1.0	2.0	4.0	8.0	0.0	0.0	0.0	2.0	4.0	8.0	0.29130	0.08485	0.02471	0.29446	0.08670	0.02553	0.73478	0.53990	0.39671	0.16872	0.02846	0.00480	1013.0
4.0	16.0	64.0	1.0	1.0	1.0	12.0	144.0	1728.0	0.0	0.0	0.0	2.0	4.0	8.0	1.0	1.0	1.0	1.0	1.0	1.0	0.41083	0.16878	0.06934	0.40970	0.16786	0.06877	0.66625	0.44388	0.29574	0.22140	0.04901	0.01085	5557.0
1.0	1.0	1.0	0.0	0.0	0.0	1.0	1.0	1.0	0.0	0.0	0.0	6.0	36.0	216.0	0.0	0.0	0.0	2.0	4.0	8.0	0.165	0.02722	0.00449	0.16225	0.02632	0.00427	0.53583	0.28711	0.15384	0.26680	0.07118	0.01899	959.0
1.0	1.0	1.0	1.0	1.0	1.0	1.0	1.0	1.0	0.0	0.0	0.0	5.0	25.0	125.0	1.0	1.0	1.0	1.0	1.0	1.0	0.33416	0.11166	0.03731	0.34026	0.11578	0.03939	0.54208	0.29385	0.15929	0.16790	0.02819	0.00473	4098.0
3.0	9.0	27.0	1.0	1.0	1.0	7.0	49.0	343.0	0.0	0.0	0.0	6.0	36.0	216.0	0.0	0.0	0.0	3.0	9.0	27.0	0.59583	0.35501	0.21153	0.54991	0.30240	0.16629	0.86541	0.74894	0.64815	0.2133	0.04549	0.00970	4459.0
3.0	9.0	27.0	0.0	0.0	0.0	8.0	64.0	512.0	0.0	0.0	0.0	1.0	1.0	1.0	1.0	1.0	1.0	1.0	1.0	1.0	0.63666	0.40534	0.25806	0.60795	0.36961	0.22470	0.55458	0.30756	0.17056	0.15982	0.02554	0.00408	4634.0
1.0	1.0	1.0	1.0	1.0	1.0	2.0	4.0	8.0	0.0	0.0	0.0	0.0	0.0	0.0	0.0	0.0	0.0	1.0	1.0	1.0	0.1275	0.01625	0.00207	0.10165	0.01033	0.00105	0.46458	0.21583	0.10027	0.40921	0.16745	0.06852	1529.0
3.0	9.0	27.0	1.0	1.0	1.0	8.0	64.0	512.0	0.0	0.0	0.0	3.0	9.0	27.0	1.0	1.0	1.0	1.0	1.0	1.0	0.6675	0.44555	0.29740	0.62185	0.38670	0.24047	0.67708	0.45844	0.31040	0.07028	0.00493	0.00034	7375.0
4.0	16.0	64.0	0.0	0.0	0.0	10.0	100.0	1000.0	0.0	0.0	0.0	5.0	25.0	125.0	1.0	1.0	1.0	2.0	4.0	8.0	0.33083	0.10945	0.03620	0.31881	0.10164	0.03240	0.58583	0.34320	0.20105	0.22947	0.05266	0.01208	3747.0
2.0	4.0	8.0	0.0	0.0	0.0	5.0	25.0	125.0	1.0	1.0	1.0	1.0	1.0	1.0	0.0	0.0	0.0	1.0	1.0	1.0	0.73333	0.53777	0.39436	0.67109	0.45036	0.30223	0.685	0.46922	0.32141	0.13122	0.01722	0.00225	4098.0
3.0	9.0	27.0	0.0	0.0	0.0	6.0	36.0	216.0	0.0	0.0	0.0	2.0	4.0	8.0	1.0	1.0	1.0	2.0	4.0	8.0	0.68083	0.46353	0.31558	0.63764	0.40659	0.25926	0.77041	0.59354	0.45727	0.17102	0.02924	0.00500	4835.0
4.0	16.0	64.0	0.0	0.0	0.0	11.0	121.0	1331.0	0.0	0.0	0.0	3.0	9.0	27.0	1.0	1.0	1.0	1.0	1.0	1.0	0.4	0.16000	0.06400	0.40907	0.16734	0.06845	0.75833	0.57506	0.43609	0.06219	0.00386	0.00024	4109.0
4.0	16.0	64.0	0.0	0.0	0.0	12.0	144.0	1728.0	0.0	0.0	0.0	2.0	4.0	8.0	1.0	1.0	1.0	1.0	1.0	1.0	0.2825	0.07980	0.02254	0.30113	0.09068	0.02730	0.59	0.34809	0.20537	0.14055	0.01975	0.00277	3523.0
4.0	16.0	64.0	0.0	0.0	0.0	11.0	121.0	1331.0	1.0	1.0	1.0	4.0	16.0	64.0	0.0	0.0	0.0	1.0	1.0	1.0	0.37333	0.13937	0.05203	0.37247	0.13873	0.05167	0.54916	0.30158	0.16562	0.16730	0.02799	0.00468	1495.0
4.0	16.0	64.0	1.0	1.0	1.0	11.0	121.0	1331.0	0.0	0.0	0.0	3.0	9.0	27.0	1.0	1.0	1.0	2.0	4.0	8.0	0.29583	0.08751	0.02589	0.27462	0.07541	0.02071	0.5475	0.29975	0.16411	0.30410	0.09248	0.02812	5035.0
1.0	1.0	1.0	1.0	1.0	1.0	3.0	9.0	27.0	0.0	0.0	0.0	5.0	25.0	125.0	1.0	1.0	1.0	2.0	4.0	8.0	0.35333	0.12484	0.04411	0.35984	0.12948	0.04659	0.65708	0.43175	0.28370	0.14490	0.02099	0.00304	3194.0
2.0	4.0	8.0	0.0	0.0	0.0	5.0	25.0	125.0	0.0	0.0	0.0	6.0	36.0	216.0	0.0	0.0	0.0	1.0	1.0	1.0	0.65583	0.43011	0.28208	0.61237	0.37500	0.22964	0.72958	0.53229	0.38835	0.23009	0.05294	0.01218	4758.0
4.0	16.0	64.0	0.0	0.0	0.0	12.0	144.0	1728.0	0.0	0.0	0.0	4.0	16.0	64.0	1.0	1.0	1.0	2.0	4.0	8.0	0.4225	0.17850	0.07541	0.41223	0.16993	0.07005	0.63416	0.40216	0.25504	0.26804	0.07184	0.01925	3709.0
4.0	16.0	64.0	1.0	1.0	1.0	12.0	144.0	1728.0	0.0	0.0	0.0	0.0	0.0	0.0	0.0	0.0	0.0	2.0	4.0	8.0	0.38416	0.14758	0.05669	0.39014	0.15221	0.05938	0.90541	0.81977	0.74224	0.15797	0.02495	0.00394	3228.0
3.0	9.0	27.0	1.0	1.0	1.0	7.0	49.0	343.0	0.0	0.0	0.0	1.0	1.0	1.0	1.0	1.0	1.0	2.0	4.0	8.0	0.71083	0.50528	0.35917	0.65405	0.42778	0.27979	0.68333	0.46694	0.31907	0.18097	0.03275	0.00592	6569.0
3.0	9.0	27.0	0.0	0.0	0.0	8.0	64.0	512.0	0.0	0.0	0.0	6.0	36.0	216.0	0.0	0.0	0.0	1.0	1.0	1.0	0.6975	0.48650	0.33933	0.64899	0.42119	0.27335	0.67416	0.45450	0.30640	0.10446	0.01091	0.00114	5191.0
2.0	4.0	8.0	0.0	0.0	0.0	6.0	36.0	216.0	0.0	0.0	0.0	0.0	0.0	0.0	0.0	0.0	0.0	2.0	4.0	8.0	0.69916	0.48883	0.34177	0.64584	0.41711	0.26939	0.66666	0.44444	0.29629	0.102	0.01040	0.00106	4744.0
3.0	9.0	27.0	1.0	1.0	1.0	9.0	81.0	729.0	0.0	0.0	0.0	2.0	4.0	8.0	1.0	1.0	1.0	1.0	1.0	1.0	0.5775	0.33350	0.19259	0.55429	0.30723	0.17030	0.52	0.27040	0.14060	0.09205	0.00847	0.00078	7767.0
4.0	16.0	64.0	0.0	0.0	0.0	10.0	100.0	1000.0	0.0	0.0	0.0	6.0	36.0	216.0	0.0	0.0	0.0	2.0	4.0	8.0	0.41	0.16809	0.06892	0.41286	0.17045	0.07037	0.75375	0.56813	0.42823	0.29229	0.08543	0.02497	2429.0
3.0	9.0	27.0	1.0	1.0	1.0	9.0	81.0	729.0	0.0	0.0	0.0	2.0	4.0	8.0	1.0	1.0	1.0	1.0	1.0	1.0	0.72583	0.52683	0.38239	0.68688	0.47181	0.32408	0.755	0.57002	0.43036	0.23632	0.05584	0.01319	6864.0
2.0	4.0	8.0	1.0	1.0	1.0	4.0	16.0	64.0	0.0	0.0	0.0	6.0	36.0	216.0	0.0	0.0	0.0	1.0	1.0	1.0	0.495	0.24502	0.12128	0.48799	0.23814	0.11621	0.50291	0.25292	0.12720	0.19091	0.03644	0.00695	7460.0
4.0	16.0	64.0	1.0	1.0	1.0	11.0	121.0	1331.0	0.0	0.0	0.0	3.0	9.0	27.0	1.0	1.0	1.0	1.0	1.0	1.0	0.35333	0.12484	0.04411	0.36489	0.13314	0.04858	0.61375	0.37668	0.23119	0.10324	0.01065	0.00110	5146.0
1.0	1.0	1.0	1.0	1.0	1.0	2.0	4.0	8.0	0.0	0.0	0.0	3.0	9.0	27.0	1.0	1.0	1.0	1.0	1.0	1.0	0.39583	0.15668	0.06202	0.39266	0.15418	0.06054	0.56791	0.32252	0.18317	0.23447	0.05497	0.01289	4773.0
2.0	4.0	8.0	1.0	1.0	1.0	6.0	36.0	216.0	0.0	0.0	0.0	4.0	16.0	64.0	1.0	1.0	1.0	1.0	1.0	1.0	0.64833	0.42033	0.27251	0.62438	0.38985	0.24341	0.56958	0.32442	0.18478	0.25373	0.06438	0.01633	7363.0
1.0	1.0	1.0	0.0	0.0	0.0	3.0	9.0	27.0	0.0	0.0	0.0	4.0	16.0	64.0	1.0	1.0	1.0	1.0	1.0	1.0	0.19833	0.03933	0.00780	0.20013	0.04005	0.00801	0.31833	0.10133	0.03225	0.22575	0.05096	0.01150	1685.0
4.0	16.0	64.0	0.0	0.0	0.0	11.0	121.0	1331.0	0.0	0.0	0.0	2.0	4.0	8.0	1.0	1.0	1.0	1.0	1.0	1.0	0.40833	0.16673	0.06808	0.41224	0.16994	0.07005	0.72166	0.52080	0.37584	0.06903	0.00476	0.00032	4205.0
2.0	4.0	8.0	0.0	0.0	0.0	5.0	25.0	125.0	0.0	0.0	0.0	3.0	9.0	27.0	1.0	1.0	1.0	1.0	1.0	1.0	0.5425	0.29430	0.15966	0.5284	0.27920	0.14753	0.63291	0.40058	0.25353	0.12064	0.01455	0.00175	4182.0
4.0	16.0	64.0	1.0	1.0	1.0	10.0	100.0	1000.0	0.0	0.0	0.0	2.0	4.0	8.0	1.0	1.0	1.0	2.0	4.0	8.0	0.44666	0.19951	0.08911	0.43811	0.19194	0.08409	0.76166	0.58013	0.44187	0.1903	0.03621	0.00689	6392.0
2.0	4.0	8.0	0.0	0.0	0.0	5.0	25.0	125.0	0.0	0.0	0.0	5.0	25.0	125.0	1.0	1.0	1.0	1.0	1.0	1.0	0.53666	0.28801	0.15456	0.52904	0.27988	0.14807	0.71958	0.51779	0.37259	0.12501	0.01562	0.00195	4917.0
2.0	4.0	8.0	1.0	1.0	1.0	5.0	25.0	125.0	0.0	0.0	0.0	2.0	4.0	8.0	1.0	1.0	1.0	2.0	4.0	8.0	0.615	0.37822	0.23260	0.58082	0.33735	0.19594	0.76583	0.58650	0.44916	0.11816	0.01396	0.00165	6073.0
4.0	16.0	64.0	1.0	1.0	1.0	9.0	81.0	729.0	0.0	0.0	0.0	4.0	16.0	64.0	1.0	1.0	1.0	2.0	4.0	8.0	0.65	0.42250	0.27462	0.60797	0.36963	0.22472	0.69083	0.47725	0.32970	0.13434	0.01804	0.00242	7393.0
3.0	9.0	27.0	0.0	0.0	0.0	7.0	49.0	343.0	0.0	0.0	0.0	2.0	4.0	8.0	1.0	1.0	1.0	1.0	1.0	1.0	0.74666	0.55751	0.41627	0.69633	0.48488	0.33764	0.59041	0.34859	0.20581	0.12625	0.01594	0.00201	4665.0
4.0	16.0	64.0	0.0	0.0	0.0	10.0	100.0	1000.0	0.0	0.0	0.0	4.0	16.0	64.0	1.0	1.0	1.0	1.0	1.0	1.0	0.49416	0.24420	0.12067	0.48042	0.23080	0.11088	0.62083	0.38543	0.23928	0.13495	0.01821	0.00245	4765.0
3.0	9.0	27.0	1.0	1.0	1.0	7.0	49.0	343.0	0.0	0.0	0.0	5.0	25.0	125.0	1.0	1.0	1.0	2.0	4.0	8.0	0.73166	0.53533	0.39168	0.66793	0.44613	0.29798	0.48583	0.23603	0.11467	0.08085	0.00653	0.00052	7499.0
3.0	9.0	27.0	0.0	0.0	0.0	7.0	49.0	343.0	0.0	0.0	0.0	1.0	1.0	1.0	1.0	1.0	1.0	1.0	1.0	1.0	0.74666	0.55751	0.41627	0.70392	0.49551	0.34880	0.65125	0.42412	0.27621	0.21580	0.04657	0.01005	4458.0
3.0	9.0	27.0	0.0	0.0	0.0	6.0	36.0	216.0	0.0	0.0	0.0	5.0	25.0	125.0	1.0	1.0	1.0	1.0	1.0	1.0	0.72416	0.52441	0.37976	0.65658	0.43110	0.28305	0.57333	0.32871	0.18846	0.22202	0.04929	0.01094	4991.0
4.0	16.0	64.0	1.0	1.0	1.0	11.0	121.0	1331.0	0.0	0.0	0.0	0.0	0.0	0.0	0.0	0.0	0.0	1.0	1.0	1.0	0.3425	0.11730	0.04017	0.33774	0.11407	0.03852	0.69291	0.48013	0.33269	0.22761	0.05180	0.01179	4669.0
2.0	4.0	8.0	1.0	1.0	1.0	4.0	16.0	64.0	0.0	0.0	0.0	4.0	16.0	64.0	1.0	1.0	1.0	2.0	4.0	8.0	0.49833	0.24833	0.12375	0.48358	0.23385	0.11308	0.75666	0.57254	0.43322	0.17662	0.03119	0.00551	5026.0
4.0	16.0	64.0	0.0	0.0	0.0	12.0	144.0	1728.0	0.0	0.0	0.0	5.0	25.0	125.0	1.0	1.0	1.0	1.0	1.0	1.0	0.29083	0.08458	0.02459	0.31754	0.10083	0.03201	0.69583	0.48418	0.33691	0.08271	0.00684	0.00056	3620.0
4.0	16.0	64.0	0.0	0.0	0.0	11.0	121.0	1331.0	0.0	0.0	0.0	5.0	25.0	125.0	1.0	1.0	1.0	1.0	1.0	1.0	0.27416	0.07516	0.02060	0.27272	0.07437	0.02028	0.41	0.16809	0.06892	0.16853	0.02840	0.00478	3392.0
2.0	4.0	8.0	1.0	1.0	1.0	3.0	9.0	27.0	0.0	0.0	0.0	2.0	4.0	8.0	1.0	1.0	1.0	1.0	1.0	1.0	0.32333	0.10454	0.03380	0.31565	0.09963	0.03145	0.29	0.0841	0.02438	0.18719	0.03504	0.00655	5102.0
1.0	1.0	1.0	0.0	0.0	0.0	3.0	9.0	27.0	0.0	0.0	0.0	0.0	0.0	0.0	0.0	0.0	0.0	1.0	1.0	1.0	0.3325	0.11055	0.03675	0.32575	0.10611	0.03456	0.47375	0.22443	0.10632	0.20772	0.04314	0.00896	2471.0
3.0	9.0	27.0	1.0	1.0	1.0	8.0	64.0	512.0	0.0	0.0	0.0	2.0	4.0	8.0	1.0	1.0	1.0	1.0	1.0	1.0	0.72833	0.53046	0.38635	0.66605	0.44362	0.29547	0.62	0.3844	0.23832	0.19092	0.03645	0.00695	7040.0
4.0	16.0	64.0	1.0	1.0	1.0	11.0	121.0	1331.0	0.0	0.0	0.0	3.0	9.0	27.0	1.0	1.0	1.0	1.0	1.0	1.0	0.28916	0.08361	0.02417	0.28156	0.07927	0.02232	0.55208	0.30479	0.16827	0.19962	0.03985	0.00795	5495.0
1.0	1.0	1.0	1.0	1.0	1.0	12.0	144.0	1728.0	0.0	0.0	0.0	0.0	0.0	0.0	0.0	0.0	0.0	1.0	1.0	1.0	0.25583	0.06545	0.01674	0.2317	0.05368	0.01243	0.48333	0.23361	0.11291	0.35075	0.12302	0.04315	1796.0
3.0	9.0	27.0	1.0	1.0	1.0	8.0	64.0	512.0	0.0	0.0	0.0	5.0	25.0	125.0	1.0	1.0	1.0	1.0	1.0	1.0	0.72333	0.52321	0.37845	0.2424	0.05875	0.01424	0.57083	0.32585	0.18600	0.23135	0.05352	0.01238	7148.0
3.0	9.0	27.0	0.0	0.0	0.0	8.0	64.0	512.0	0.0	0.0	0.0	1.0	1.0	1.0	1.0	1.0	1.0	1.0	1.0	1.0	0.66583	0.44333	0.29518	0.61616	0.37966	0.23393	0.71208	0.50706	0.36107	0.20895	0.04366	0.00912	4338.0
4.0	16.0	64.0	0.0	0.0	0.0	11.0	121.0	1331.0	0.0	0.0	0.0	6.0	36.0	216.0	0.0	0.0	0.0	1.0	1.0	1.0	0.35666	0.12721	0.04537	0.35794	0.12812	0.04586	0.55291	0.30571	0.16903	0.21206	0.04497	0.00953	4067.0
4.0	16.0	64.0	1.0	1.0	1.0	11.0	121.0	1331.0	0.0	0.0	0.0	2.0	4.0	8.0	1.0	1.0	1.0	2.0	4.0	8.0	0.37416	0.14000	0.05238	0.38066	0.14490	0.05516	0.685	0.46922	0.32141	0.08272	0.00684	0.00056	5634.0
1.0	1.0	1.0	1.0	1.0	1.0	2.0	4.0	8.0	1.0	1.0	1.0	1.0	1.0	1.0	0.0	0.0	0.0	1.0	1.0	1.0	0.28	0.07840	0.02195	0.27339	0.07474	0.02043	0.50782	0.25788	0.13096	0.22908	0.05247	0.01202	3129.0
1.0	1.0	1.0	1.0	1.0	1.0	2.0	4.0	8.0	0.0	0.0	0.0	3.0	9.0	27.0	1.0	1.0	1.0	2.0	4.0	8.0	0.34434	0.11857	0.04083	0.34847	0.12143	0.04231	0.80478	0.64767	0.52123	0.17911	0.03208	0.00574	1834.0
1.0	1.0	1.0	0.0	0.0	0.0	3.0	9.0	27.0	0.0	0.0	0.0	6.0	36.0	216.0	0.0	0.0	0.0	2.0	4.0	8.0	0.38416	0.14758	0.05669	0.37877	0.14347	0.05434	0.78916	0.62278	0.49148	0.25187	0.06343	0.01597	2077.0
2.0	4.0	8.0	1.0	1.0	1.0	3.0	9.0	27.0	0.0	0.0	0.0	6.0	36.0	216.0	0.0	0.0	0.0	2.0	4.0	8.0	0.42416	0.17991	0.07631	0.42170	0.17783	0.07499	0.73833	0.54513	0.40249	0.25061	0.06280	0.01574	6235.0
2.0	4.0	8.0	1.0	1.0	1.0	3.0	9.0	27.0	0.0	0.0	0.0	4.0	16.0	64.0	1.0	1.0	1.0	1.0	1.0	1.0	0.49416	0.24420	0.12067	0.48230	0.23261	0.11219	0.43916	0.19286	0.08470	0.31965	0.10217	0.03266	6133.0
2.0	4.0	8.0	1.0	1.0	1.0	3.0	9.0	27.0	0.0	0.0	0.0	3.0	9.0	27.0	1.0	1.0	1.0	1.0	1.0	1.0	0.48416	0.23441	0.11349	0.47095	0.22179	0.10445	0.48125	0.23160	0.11145	0.29167	0.08507	0.02481	5698.0
4.0	16.0	64.0	1.0	1.0	1.0	11.0	121.0	1331.0	0.0	0.0	0.0	2.0	4.0	8.0	1.0	1.0	1.0	2.0	4.0	8.0	0.34333	0.11787	0.04047	0.32322	0.10447	0.03376	0.66291	0.43945	0.29132	0.34204	0.11699	0.04001	4094.0
4.0	16.0	64.0	1.0	1.0	1.0	10.0	100.0	1000.0	0.0	0.0	0.0	0.0	0.0	0.0	0.0	0.0	0.0	2.0	4.0	8.0	0.4775	0.22800	0.10887	0.46777	0.21880	0.10235	0.69458	0.48244	0.33509	0.39800	0.15841	0.06304	4459.0
3.0	9.0	27.0	1.0	1.0	1.0	9.0	81.0	729.0	0.0	0.0	0.0	1.0	1.0	1.0	1.0	1.0	1.0	1.0	1.0	1.0	0.58333	0.34027	0.19849	0.56565	0.31996	0.18098	0.50375	0.25376	0.12783	0.25871	0.06693	0.01731	7525.0
1.0	1.0	1.0	1.0	1.0	1.0	3.0	9.0	27.0	0.0	0.0	0.0	6.0	36.0	216.0	0.0	0.0	0.0	2.0	4.0	8.0	0.51416	0.26436	0.13592	0.50504	0.25507	0.12882	0.75583	0.57128	0.43179	0.11070	0.01225	0.00135	7836.0
2.0	4.0	8.0	1.0	1.0	1.0	3.0	9.0	27.0	0.0	0.0	0.0	3.0	9.0	27.0	1.0	1.0	1.0	2.0	4.0	8.0	0.53166	0.28266	0.15028	0.51325	0.26343	0.13520	0.82125	0.67445	0.55389	0.08955	0.00802	0.00071	6230.0
1.0	1.0	1.0	0.0	0.0	0.0	2.0	4.0	8.0	0.0	0.0	0.0	2.0	4.0	8.0	1.0	1.0	1.0	2.0	4.0	8.0	0.19217	0.03693	0.00709	0.23453	0.05500	0.01290	0.82956	0.68817	0.57088	0.05321	0.00283	0.00015	1360.0
3.0	9.0	27.0	1.0	1.0	1.0	8.0	64.0	512.0	0.0	0.0	0.0	3.0	9.0	27.0	1.0	1.0	1.0	1.0	1.0	1.0	0.685	0.46922	0.32141	0.63573	0.40415	0.25693	0.55208	0.30479	0.16827	0.11256	0.01267	0.00142	7697.0
1.0	1.0	1.0	0.0	0.0	0.0	12.0	144.0	1728.0	0.0	0.0	0.0	5.0	25.0	125.0	1.0	1.0	1.0	1.0	1.0	1.0	0.31166	0.09713	0.03027	0.31881	0.10164	0.03240	0.63666	0.40534	0.25806	0.13433	0.01804	0.00242	2999.0
4.0	16.0	64.0	0.0	0.0	0.0	11.0	121.0	1331.0	0.0	0.0	0.0	3.0	9.0	27.0	1.0	1.0	1.0	1.0	1.0	1.0	0.325	0.10562	0.03432	0.31122	0.09685	0.03014	0.61333	0.37617	0.23072	0.27115	0.07352	0.01993	3613.0
3.0	9.0	27.0	0.0	0.0	0.0	8.0	64.0	512.0	0.0	0.0	0.0	4.0	16.0	64.0	1.0	1.0	1.0	1.0	1.0	1.0	0.7175	0.51480	0.36937	0.65152	0.42447	0.27655	0.42375	0.17956	0.07609	0.16479	0.02715	0.00447	4792.0
1.0	1.0	1.0	0.0	0.0	0.0	3.0	9.0	27.0	0.0	0.0	0.0	4.0	16.0	64.0	1.0	1.0	1.0	1.0	1.0	1.0	0.415	0.17222	0.07147	0.41033	0.16837	0.06908	0.60291	0.36350	0.21916	0.20957	0.04392	0.00920	2744.0
4.0	16.0	64.0	0.0	0.0	0.0	11.0	121.0	1331.0	0.0	0.0	0.0	0.0	0.0	0.0	0.0	0.0	0.0	1.0	1.0	1.0	0.45916	0.21083	0.09680	0.4558	0.20775	0.09469	0.69833	0.48766	0.34055	0.20895	0.04366	0.00912	3071.0
2.0	4.0	8.0	0.0	0.0	0.0	4.0	16.0	64.0	0.0	0.0	0.0	5.0	25.0	125.0	1.0	1.0	1.0	1.0	1.0	1.0	0.51	0.2601	0.13265	0.49746	0.24746	0.12310	0.45708	0.20892	0.09549	0.24006	0.05763	0.01383	4595.0
2.0	4.0	8.0	1.0	1.0	1.0	4.0	16.0	64.0	0.0	0.0	0.0	5.0	25.0	125.0	1.0	1.0	1.0	1.0	1.0	1.0	0.40333	0.16267	0.06561	0.39076	0.15269	0.05966	0.37708	0.14219	0.05361	0.30038	0.09023	0.02710	6460.0
2.0	4.0	8.0	1.0	1.0	1.0	5.0	25.0	125.0	0.0	0.0	0.0	0.0	0.0	0.0	0.0	0.0	0.0	2.0	4.0	8.0	0.5625	0.31640	0.17797	0.54673	0.29892	0.16343	0.74	0.5476	0.40522	0.14987	0.02246	0.00336	6359.0
3.0	9.0	27.0	0.0	0.0	0.0	6.0	36.0	216.0	0.0	0.0	0.0	3.0	9.0	27.0	1.0	1.0	1.0	1.0	1.0	1.0	0.73333	0.53777	0.39436	0.69382	0.48139	0.33400	0.7075	0.50055	0.35414	0.17226	0.02967	0.00511	4507.0
3.0	9.0	27.0	0.0	0.0	0.0	6.0	36.0	216.0	0.0	0.0	0.0	1.0	1.0	1.0	1.0	1.0	1.0	2.0	4.0	8.0	0.6825	0.46580	0.31791	0.63700	0.40577	0.25847	0.65833	0.43340	0.28532	0.10758	0.01157	0.00124	4708.0
4.0	16.0	64.0	0.0	0.0	0.0	10.0	100.0	1000.0	0.0	0.0	0.0	0.0	0.0	0.0	0.0	0.0	0.0	1.0	1.0	1.0	0.54083	0.29250	0.15819	0.52398	0.27455	0.14386	0.7275	0.52925	0.38503	0.06345	0.00402	0.00025	5511.0
2.0	4.0	8.0	1.0	1.0	1.0	4.0	16.0	64.0	1.0	1.0	1.0	1.0	1.0	1.0	0.0	0.0	0.0	1.0	1.0	1.0	0.66416	0.44111	0.29297	0.61492	0.37813	0.23252	0.56166	0.31546	0.17718	0.28482	0.08112	0.02310	6370.0
2.0	4.0	8.0	1.0	1.0	1.0	4.0	16.0	64.0	0.0	0.0	0.0	6.0	36.0	216.0	0.0	0.0	0.0	1.0	1.0	1.0	0.4375	0.19140	0.08374	0.42612	0.18158	0.07737	0.25416	0.06460	0.01641	0.27487	0.07555	0.02076	6857.0
4.0	16.0	64.0	1.0	1.0	1.0	12.0	144.0	1728.0	0.0	0.0	0.0	4.0	16.0	64.0	1.0	1.0	1.0	1.0	1.0	1.0	0.25583	0.06545	0.01674	0.25820	0.06666	0.01721	0.50875	0.25882	0.13167	0.17475	0.03053	0.00533	5375.0
2.0	4.0	8.0	1.0	1.0	1.0	4.0	16.0	64.0	0.0	0.0	0.0	1.0	1.0	1.0	1.0	1.0	1.0	2.0	4.0	8.0	0.32166	0.10346	0.03328	0.30112	0.09067	0.02730	0.76666	0.58777	0.45063	0.30349	0.09210	0.02795	3214.0
1.0	1.0	1.0	0.0	0.0	0.0	1.0	1.0	1.0	0.0	0.0	0.0	6.0	36.0	216.0	0.0	0.0	0.0	2.0	4.0	8.0	0.34416	0.11845	0.04076	0.36362	0.13222	0.04807	0.80583	0.64936	0.52328	0.16044	0.02574	0.00413	985.0
3.0	9.0	27.0	0.0	0.0	0.0	7.0	49.0	343.0	0.0	0.0	0.0	4.0	16.0	64.0	1.0	1.0	1.0	1.0	1.0	1.0	0.77916	0.60710	0.47303	0.7399	0.54745	0.40505	0.58333	0.34027	0.19849	0.17847	0.03185	0.00568	4390.0
3.0	9.0	27.0	1.0	1.0	1.0	8.0	64.0	512.0	0.0	0.0	0.0	1.0	1.0	1.0	1.0	1.0	1.0	2.0	4.0	8.0	0.63583	0.40428	0.25705	0.59596	0.35517	0.21167	0.73416	0.53900	0.39571	0.12997	0.01689	0.00219	6530.0
3.0	9.0	27.0	0.0	0.0	0.0	8.0	64.0	512.0	0.0	0.0	0.0	4.0	16.0	64.0	1.0	1.0	1.0	1.0	1.0	1.0	0.71166	0.50646	0.36043	0.66225	0.43858	0.29045	0.65458	0.42847	0.28047	0.23320	0.05438	0.01268	3805.0
1.0	1.0	1.0	1.0	1.0	1.0	1.0	1.0	1.0	0.0	0.0	0.0	2.0	4.0	8.0	1.0	1.0	1.0	1.0	1.0	1.0	0.15	0.0225	0.00337	0.12627	0.01594	0.00201	0.44125	0.19470	0.08591	0.36567	0.13371	0.04889	2236.0
1.0	1.0	1.0	0.0	0.0	0.0	1.0	1.0	1.0	0.0	0.0	0.0	0.0	0.0	0.0	0.0	0.0	0.0	1.0	1.0	1.0	0.21652	0.04688	0.01015	0.25032	0.06266	0.01568	0.72217	0.52153	0.37663	0.07398	0.00547	0.00040	1096.0
3.0	9.0	27.0	0.0	0.0	0.0	8.0	64.0	512.0	0.0	0.0	0.0	5.0	25.0	125.0	1.0	1.0	1.0	1.0	1.0	1.0	0.70833	0.50173	0.35539	0.65404	0.42777	0.27978	0.415	0.17222	0.07147	0.12562	0.01578	0.00198	4905.0
2.0	4.0	8.0	0.0	0.0	0.0	5.0	25.0	125.0	0.0	0.0	0.0	2.0	4.0	8.0	1.0	1.0	1.0	2.0	4.0	8.0	0.61666	0.38027	0.23450	0.58207	0.33881	0.19721	0.69708	0.48592	0.33872	0.34266	0.11742	0.04023	4451.0
3.0	9.0	27.0	1.0	1.0	1.0	8.0	64.0	512.0	0.0	0.0	0.0	1.0	1.0	1.0	1.0	1.0	1.0	1.0	1.0	1.0	0.70333	0.49467	0.34792	0.65468	0.42861	0.28060	0.73041	0.53350	0.38968	0.12873	0.01657	0.00213	6917.0
3.0	9.0	27.0	0.0	0.0	0.0	6.0	36.0	216.0	0.0	0.0	0.0	6.0	36.0	216.0	0.0	0.0	0.0	1.0	1.0	1.0	0.695	0.48302	0.33570	0.64331	0.41385	0.26623	0.48333	0.23361	0.11291	0.20957	0.04392	0.00920	5202.0
3.0	9.0	27.0	1.0	1.0	1.0	6.0	36.0	216.0	0.0	0.0	0.0	4.0	16.0	64.0	1.0	1.0	1.0	1.0	1.0	1.0	0.80583	0.64936	0.52328	0.75254	0.56631	0.42617	0.56791	0.32252	0.18317	0.11878	0.01411	0.00167	5905.0
3.0	9.0	27.0	1.0	1.0	1.0	8.0	64.0	512.0	0.0	0.0	0.0	3.0	9.0	27.0	1.0	1.0	1.0	2.0	4.0	8.0	0.75	0.5625	0.42187	0.70771	0.50086	0.35446	0.67291	0.45281	0.30470	0.1107	0.01225	0.00135	7534.0
2.0	4.0	8.0	1.0	1.0	1.0	5.0	25.0	125.0	0.0	0.0	0.0	4.0	16.0	64.0	1.0	1.0	1.0	1.0	1.0	1.0	0.655	0.42902	0.28101	0.6067	0.36808	0.22331	0.71666	0.51361	0.36808	0.17289	0.02989	0.00516	6770.0
1.0	1.0	1.0	0.0	0.0	0.0	2.0	4.0	8.0	0.0	0.0	0.0	4.0	16.0	64.0	1.0	1.0	1.0	1.0	1.0	1.0	0.43583	0.18995	0.08278	0.42865	0.18374	0.07876	0.505	0.25502	0.12878	0.23010	0.05294	0.01218	2475.0
3.0	9.0	27.0	1.0	1.0	1.0	9.0	81.0	729.0	0.0	0.0	0.0	4.0	16.0	64.0	1.0	1.0	1.0	1.0	1.0	1.0	0.54666	0.29884	0.16336	0.53219	0.28322	0.15073	0.61833	0.38233	0.23641	0.11816	0.01396	0.00165	7720.0
1.0	1.0	1.0	1.0	1.0	1.0	2.0	4.0	8.0	0.0	0.0	0.0	4.0	16.0	64.0	1.0	1.0	1.0	2.0	4.0	8.0	0.39916	0.15933	0.06360	0.39897	0.15917	0.06350	0.67291	0.45281	0.30470	0.18718	0.03503	0.00655	3761.0
3.0	9.0	27.0	0.0	0.0	0.0	7.0	49.0	343.0	0.0	0.0	0.0	0.0	0.0	0.0	0.0	0.0	0.0	2.0	4.0	8.0	0.71666	0.51361	0.36808	0.66857	0.44699	0.29884	0.6825	0.46580	0.31791	0.22885	0.05237	0.01198	4649.0
1.0	1.0	1.0	0.0	0.0	0.0	12.0	144.0	1728.0	0.0	0.0	0.0	4.0	16.0	64.0	1.0	1.0	1.0	1.0	1.0	1.0	0.24833	0.06166	0.01531	0.26389	0.06963	0.01837	0.57416	0.32966	0.18928	0.11941	0.01425	0.00170	2423.0
1.0	1.0	1.0	0.0	0.0	0.0	1.0	1.0	1.0	0.0	0.0	0.0	4.0	16.0	64.0	1.0	1.0	1.0	1.0	1.0	1.0	0.165	0.02722	0.00449	0.15088	0.02276	0.00343	0.47041	0.22129	0.10409	0.301	0.09060	0.02727	1406.0
3.0	9.0	27.0	0.0	0.0	0.0	8.0	64.0	512.0	0.0	0.0	0.0	6.0	36.0	216.0	0.0	0.0	0.0	2.0	4.0	8.0	0.68	0.46240	0.31443	0.63555	0.40393	0.25672	0.85	0.72249	0.61412	0.37561	0.14108	0.05299	1115.0
4.0	16.0	64.0	1.0	1.0	1.0	10.0	100.0	1000.0	0.0	0.0	0.0	5.0	25.0	125.0	1.0	1.0	1.0	2.0	4.0	8.0	0.56333	0.31734	0.17877	0.53789	0.28933	0.15563	0.815	0.66422	0.54134	0.13495	0.01821	0.00245	5424.0
1.0	1.0	1.0	1.0	1.0	1.0	12.0	144.0	1728.0	0.0	0.0	0.0	3.0	9.0	27.0	1.0	1.0	1.0	3.0	9.0	27.0	0.24333	0.05921	0.01440	0.22033	0.04854	0.01069	0.82333	0.67787	0.55811	0.31654	0.10020	0.03171	441.0
1.0	1.0	1.0	1.0	1.0	1.0	2.0	4.0	8.0	0.0	0.0	0.0	1.0	1.0	1.0	1.0	1.0	1.0	1.0	1.0	1.0	0.28260	0.07986	0.02257	0.29642	0.08786	0.02604	0.62217	0.38710	0.24084	0.1538	0.02365	0.00363	3784.0
1.0	1.0	1.0	0.0	0.0	0.0	2.0	4.0	8.0	0.0	0.0	0.0	2.0	4.0	8.0	1.0	1.0	1.0	1.0	1.0	1.0	0.26608	0.07080	0.01883	0.25427	0.06465	0.01644	0.31434	0.09881	0.03106	0.29137	0.08489	0.02473	1815.0
1.0	1.0	1.0	0.0	0.0	0.0	1.0	1.0	1.0	0.0	0.0	0.0	4.0	16.0	64.0	1.0	1.0	1.0	1.0	1.0	1.0	0.20434	0.04175	0.00853	0.23320	0.05438	0.01268	0.51826	0.26859	0.13920	0.08956	0.00802	0.00071	1606.0
1.0	1.0	1.0	1.0	1.0	1.0	3.0	9.0	27.0	0.0	0.0	0.0	5.0	25.0	125.0	1.0	1.0	1.0	2.0	4.0	8.0	0.41083	0.16878	0.06934	0.39708	0.15767	0.06261	0.40708	0.16571	0.06746	0.4148	0.17205	0.07137	4569.0
4.0	16.0	64.0	0.0	0.0	0.0	11.0	121.0	1331.0	0.0	0.0	0.0	3.0	9.0	27.0	1.0	1.0	1.0	3.0	9.0	27.0	0.45666	0.20854	0.09523	0.45198	0.20429	0.09233	0.93	0.86490	0.80435	0.13682	0.01872	0.00256	1817.0
1.0	1.0	1.0	1.0	1.0	1.0	1.0	1.0	1.0	0.0	0.0	0.0	1.0	1.0	1.0	1.0	1.0	1.0	1.0	1.0	1.0	0.26916	0.07245	0.01950	0.26262	0.06897	0.01811	0.40083	0.16066	0.06440	0.21579	0.04656	0.01004	3624.0
1.0	1.0	1.0	0.0	0.0	0.0	3.0	9.0	27.0	0.0	0.0	0.0	5.0	25.0	125.0	1.0	1.0	1.0	1.0	1.0	1.0	0.54	0.2916	0.15746	0.52700	0.27773	0.14637	0.52521	0.27585	0.14488	0.23101	0.05336	0.01232	3239.0
3.0	9.0	27.0	1.0	1.0	1.0	8.0	64.0	512.0	0.0	0.0	0.0	1.0	1.0	1.0	1.0	1.0	1.0	2.0	4.0	8.0	0.7525	0.56625	0.42610	0.71024	0.50444	0.35828	0.65416	0.42793	0.27994	0.12935	0.01673	0.00216	7013.0
4.0	16.0	64.0	1.0	1.0	1.0	10.0	100.0	1000.0	0.0	0.0	0.0	3.0	9.0	27.0	1.0	1.0	1.0	1.0	1.0	1.0	0.5875	0.34515	0.20277	0.55872	0.31216	0.17441	0.63625	0.40481	0.25756	0.07277	0.00529	0.00038	7693.0
3.0	9.0	27.0	1.0	1.0	1.0	7.0	49.0	343.0	1.0	1.0	1.0	3.0	9.0	27.0	0.0	0.0	0.0	1.0	1.0	1.0	0.78916	0.62278	0.49148	0.73233	0.53631	0.39276	0.53875	0.29025	0.15637	0.13495	0.01821	0.00245	7403.0
2.0	4.0	8.0	1.0	1.0	1.0	6.0	36.0	216.0	0.0	0.0	0.0	0.0	0.0	0.0	0.0	0.0	0.0	1.0	1.0	1.0	0.72666	0.52804	0.38371	0.66351	0.44025	0.29211	0.53833	0.28980	0.15601	0.13372	0.01788	0.00239	6598.0
2.0	4.0	8.0	1.0	1.0	1.0	5.0	25.0	125.0	0.0	0.0	0.0	0.0	0.0	0.0	0.0	0.0	0.0	1.0	1.0	1.0	0.69	0.47609	0.32850	0.64142	0.41142	0.26389	0.69708	0.48592	0.33872	0.21517	0.04629	0.00996	6591.0
2.0	4.0	8.0	0.0	0.0	0.0	5.0	25.0	125.0	0.0	0.0	0.0	4.0	16.0	64.0	1.0	1.0	1.0	1.0	1.0	1.0	0.45916	0.21083	0.09680	0.44191	0.19529	0.08630	0.44416	0.19728	0.08762	0.29539	0.08725	0.02577	4433.0
2.0	4.0	8.0	0.0	0.0	0.0	4.0	16.0	64.0	0.0	0.0	0.0	1.0	1.0	1.0	1.0	1.0	1.0	2.0	4.0	8.0	0.59565	0.35480	0.21133	0.56521	0.31947	0.18057	0.71695	0.51402	0.36853	0.32447	0.10528	0.03416	3348.0
2.0	4.0	8.0	0.0	0.0	0.0	5.0	25.0	125.0	0.0	0.0	0.0	0.0	0.0	0.0	0.0	0.0	0.0	1.0	1.0	1.0	0.60416	0.36501	0.22053	0.5745	0.33005	0.18961	0.74958	0.56187	0.42117	0.14800	0.02190	0.00324	4660.0
1.0	1.0	1.0	1.0	1.0	1.0	2.0	4.0	8.0	0.0	0.0	0.0	1.0	1.0	1.0	1.0	1.0	1.0	1.0	1.0	1.0	0.36666	0.13444	0.04929	0.35795	0.12813	0.04586	0.49083	0.24091	0.11825	0.26803	0.07184	0.01925	4322.0
4.0	16.0	64.0	0.0	0.0	0.0	11.0	121.0	1331.0	0.0	0.0	0.0	4.0	16.0	64.0	1.0	1.0	1.0	2.0	4.0	8.0	0.34166	0.11673	0.03988	0.32322	0.10447	0.03376	0.57583	0.33158	0.19093	0.30536	0.09324	0.02847	3053.0
2.0	4.0	8.0	1.0	1.0	1.0	4.0	16.0	64.0	0.0	0.0	0.0	1.0	1.0	1.0	1.0	1.0	1.0	1.0	1.0	1.0	0.48916	0.23928	0.11705	0.47663	0.22718	0.10828	0.3175	0.10080	0.03200	0.35819	0.12830	0.04595	5585.0
4.0	16.0	64.0	1.0	1.0	1.0	9.0	81.0	729.0	0.0	0.0	0.0	0.0	0.0	0.0	0.0	0.0	0.0	1.0	1.0	1.0	0.52666	0.27737	0.14608	0.51766	0.26797	0.13872	0.58333	0.34027	0.19849	0.13495	0.01821	0.00245	6889.0
3.0	9.0	27.0	1.0	1.0	1.0	7.0	49.0	343.0	0.0	0.0	0.0	5.0	25.0	125.0	1.0	1.0	1.0	1.0	1.0	1.0	0.78166	0.61100	0.47760	0.73421	0.53907	0.39579	0.59458	0.35352	0.21020	0.15299	0.02340	0.00358	6904.0
1.0	1.0	1.0	1.0	1.0	1.0	2.0	4.0	8.0	0.0	0.0	0.0	6.0	36.0	216.0	0.0	0.0	0.0	2.0	4.0	8.0	0.26416	0.06978	0.01843	0.27272	0.07437	0.02028	0.77958	0.60774	0.47379	0.12189	0.01485	0.00181	2832.0
1.0	1.0	1.0	1.0	1.0	1.0	1.0	1.0	1.0	0.0	0.0	0.0	3.0	9.0	27.0	1.0	1.0	1.0	1.0	1.0	1.0	0.29416	0.08653	0.02545	0.29482	0.08691	0.02562	0.64375	0.41441	0.26677	0.16107	0.02594	0.00417	4270.0
1.0	1.0	1.0	0.0	0.0	0.0	2.0	4.0	8.0	0.0	0.0	0.0	3.0	9.0	27.0	1.0	1.0	1.0	2.0	4.0	8.0	0.13478	0.01816	0.00244	0.14428	0.02081	0.00300	0.49478	0.24481	0.12112	0.18883	0.03566	0.00673	1605.0
4.0	16.0	64.0	0.0	0.0	0.0	10.0	100.0	1000.0	0.0	0.0	0.0	5.0	25.0	125.0	1.0	1.0	1.0	1.0	1.0	1.0	0.51083	0.26095	0.13330	0.50440	0.25442	0.12833	0.68416	0.46808	0.32024	0.02239	0.00050	1.12269	4985.0
4.0	16.0	64.0	1.0	1.0	1.0	11.0	121.0	1331.0	0.0	0.0	0.0	5.0	25.0	125.0	1.0	1.0	1.0	1.0	1.0	1.0	0.345	0.11902	0.04106	0.34720	0.12055	0.04185	0.52458	0.27518	0.14435	0.17102	0.02924	0.00500	5698.0
1.0	1.0	1.0	0.0	0.0	0.0	1.0	1.0	1.0	0.0	0.0	0.0	5.0	25.0	125.0	1.0	1.0	1.0	1.0	1.0	1.0	0.16087	0.02587	0.00416	0.18841	0.03549	0.00668	0.53782	0.28925	0.15556	0.12654	0.01601	0.00202	1421.0
3.0	9.0	27.0	1.0	1.0	1.0	7.0	49.0	343.0	0.0	0.0	0.0	0.0	0.0	0.0	0.0	0.0	0.0	1.0	1.0	1.0	0.8225	0.67650	0.55642	0.79039	0.62472	0.49378	0.57375	0.32918	0.18887	0.12562	0.01578	0.00198	4672.0
3.0	9.0	27.0	1.0	1.0	1.0	8.0	64.0	512.0	0.0	0.0	0.0	6.0	36.0	216.0	0.0	0.0	0.0	1.0	1.0	1.0	0.67833	0.46013	0.31212	0.61807	0.38201	0.23611	0.60333	0.36401	0.21961	0.17786	0.03163	0.00562	7865.0
2.0	4.0	8.0	0.0	0.0	0.0	5.0	25.0	125.0	0.0	0.0	0.0	2.0	4.0	8.0	1.0	1.0	1.0	2.0	4.0	8.0	0.56166	0.31546	0.17718	0.53852	0.29001	0.15618	0.83791	0.70210	0.58830	0.27735	0.07692	0.02133	4123.0
4.0	16.0	64.0	1.0	1.0	1.0	10.0	100.0	1000.0	0.0	0.0	0.0	0.0	0.0	0.0	0.0	0.0	0.0	1.0	1.0	1.0	0.52166	0.27213	0.14196	0.50820	0.25827	0.13125	0.64041	0.41013	0.26265	0.27861	0.07762	0.02162	6639.0
4.0	16.0	64.0	0.0	0.0	0.0	12.0	144.0	1728.0	0.0	0.0	0.0	1.0	1.0	1.0	1.0	1.0	1.0	1.0	1.0	1.0	0.27666	0.07654	0.02117	0.28093	0.07892	0.02217	0.6375	0.40640	0.25908	0.17289	0.02989	0.00516	3403.0
2.0	4.0	8.0	0.0	0.0	0.0	6.0	36.0	216.0	0.0	0.0	0.0	0.0	0.0	0.0	0.0	0.0	0.0	2.0	4.0	8.0	0.64833	0.42033	0.27251	0.61680	0.38044	0.23466	0.6525	0.42575	0.27780	0.13869	0.01923	0.00266	4906.0
4.0	16.0	64.0	0.0	0.0	0.0	12.0	144.0	1728.0	0.0	0.0	0.0	2.0	4.0	8.0	1.0	1.0	1.0	2.0	4.0	8.0	0.38583	0.14886	0.05743	0.39645	0.15717	0.06231	0.59541	0.35452	0.21108	0.06157	0.00379	0.00023	3750.0
4.0	16.0	64.0	1.0	1.0	1.0	12.0	144.0	1728.0	0.0	0.0	0.0	3.0	9.0	27.0	1.0	1.0	1.0	1.0	1.0	1.0	0.43833	0.19213	0.08421	0.42801	0.18319	0.07840	0.485	0.23522	0.11408	0.32402	0.10498	0.03401	5729.0
2.0	4.0	8.0	1.0	1.0	1.0	5.0	25.0	125.0	0.0	0.0	0.0	4.0	16.0	64.0	1.0	1.0	1.0	1.0	1.0	1.0	0.68	0.46240	0.31443	0.63132	0.39857	0.25163	0.49291	0.24296	0.11976	0.19527	0.03813	0.00744	7338.0
2.0	4.0	8.0	0.0	0.0	0.0	6.0	36.0	216.0	0.0	0.0	0.0	2.0	4.0	8.0	1.0	1.0	1.0	1.0	1.0	1.0	0.7075	0.50055	0.35414	0.65595	0.43027	0.28223	0.59791	0.35750	0.21375	0.18780	0.03527	0.00662	4833.0
2.0	4.0	8.0	1.0	1.0	1.0	5.0	25.0	125.0	0.0	0.0	0.0	5.0	25.0	125.0	1.0	1.0	1.0	1.0	1.0	1.0	0.6275	0.39375	0.24708	0.59091	0.34918	0.20633	0.73541	0.54083	0.39774	0.16293	0.02654	0.00432	6296.0
3.0	9.0	27.0	0.0	0.0	0.0	9.0	81.0	729.0	0.0	0.0	0.0	0.0	0.0	0.0	0.0	0.0	0.0	1.0	1.0	1.0	0.5075	0.25755	0.13070	0.49053	0.24062	0.11803	0.695	0.48302	0.33570	0.17848	0.03185	0.00568	4274.0
2.0	4.0	8.0	0.0	0.0	0.0	4.0	16.0	64.0	0.0	0.0	0.0	2.0	4.0	8.0	1.0	1.0	1.0	2.0	4.0	8.0	0.5025	0.25250	0.12688	0.49305	0.24310	0.11986	0.73916	0.54636	0.40385	0.27487	0.07555	0.02076	2034.0
1.0	1.0	1.0	1.0	1.0	1.0	3.0	9.0	27.0	0.0	0.0	0.0	3.0	9.0	27.0	1.0	1.0	1.0	1.0	1.0	1.0	0.5725	0.32775	0.18764	0.54861	0.30098	0.16512	0.50708	0.25713	0.13038	0.11506	0.01323	0.00152	6312.0
1.0	1.0	1.0	0.0	0.0	0.0	2.0	4.0	8.0	0.0	0.0	0.0	2.0	4.0	8.0	1.0	1.0	1.0	1.0	1.0	1.0	0.22083	0.04876	0.01076	0.19824	0.03930	0.00779	0.53791	0.28935	0.15564	0.36195	0.13100	0.04741	1530.0
1.0	1.0	1.0	1.0	1.0	1.0	1.0	1.0	1.0	0.0	0.0	0.0	0.0	0.0	0.0	0.0	0.0	0.0	1.0	1.0	1.0	0.3375	0.11390	0.03844	0.34025	0.11577	0.03939	0.465	0.21622	0.10054	0.19154	0.03668	0.00702	3425.0
1.0	1.0	1.0	0.0	0.0	0.0	2.0	4.0	8.0	0.0	0.0	0.0	5.0	25.0	125.0	1.0	1.0	1.0	1.0	1.0	1.0	0.52166	0.27213	0.14196	0.51198	0.26212	0.13420	0.51666	0.26694	0.13792	0.26492	0.07018	0.01859	2927.0
2.0	4.0	8.0	0.0	0.0	0.0	6.0	36.0	216.0	0.0	0.0	0.0	1.0	1.0	1.0	1.0	1.0	1.0	1.0	1.0	1.0	0.635	0.40322	0.25604	0.60165	0.36198	0.21779	0.49458	0.24461	0.12098	0.30535	0.09323	0.02847	5020.0
4.0	16.0	64.0	0.0	0.0	0.0	11.0	121.0	1331.0	0.0	0.0	0.0	2.0	4.0	8.0	1.0	1.0	1.0	2.0	4.0	8.0	0.53	0.28090	0.14887	0.50757	0.25763	0.13077	0.68875	0.47437	0.32672	0.19963	0.03985	0.00795	4195.0
1.0	1.0	1.0	1.0	1.0	1.0	1.0	1.0	1.0	0.0	0.0	0.0	4.0	16.0	64.0	1.0	1.0	1.0	2.0	4.0	8.0	0.34166	0.11673	0.03988	0.35605	0.12677	0.04513	0.76958	0.59225	0.45579	0.07339	0.00538	0.00039	4075.0
4.0	16.0	64.0	0.0	0.0	0.0	12.0	144.0	1728.0	0.0	0.0	0.0	1.0	1.0	1.0	1.0	1.0	1.0	1.0	1.0	1.0	0.23833	0.05680	0.01353	0.27019	0.07300	0.01972	0.67083	0.45001	0.30188	0.06345	0.00402	0.00025	3310.0
2.0	4.0	8.0	0.0	0.0	0.0	4.0	16.0	64.0	1.0	1.0	1.0	5.0	25.0	125.0	0.0	0.0	0.0	1.0	1.0	1.0	0.44666	0.19951	0.08911	0.44191	0.19528	0.08629	0.67125	0.45057	0.30244	0.22637	0.05124	0.01160	3126.0
3.0	9.0	27.0	1.0	1.0	1.0	8.0	64.0	512.0	0.0	0.0	0.0	4.0	16.0	64.0	1.0	1.0	1.0	1.0	1.0	1.0	0.75583	0.57128	0.43179	0.69950	0.48931	0.34227	0.62041	0.38491	0.23880	0.1561	0.02436	0.00380	7286.0
1.0	1.0	1.0	1.0	1.0	1.0	1.0	1.0	1.0	0.0	0.0	0.0	6.0	36.0	216.0	0.0	0.0	0.0	1.0	1.0	1.0	0.39333	0.15471	0.06085	0.39077	0.15270	0.05967	0.53166	0.28266	0.15028	0.17475	0.03054	0.00533	4521.0
2.0	4.0	8.0	1.0	1.0	1.0	5.0	25.0	125.0	0.0	0.0	0.0	4.0	16.0	64.0	1.0	1.0	1.0	2.0	4.0	8.0	0.56	0.31360	0.17561	0.53724	0.28862	0.15506	0.76833	0.59033	0.45357	0.13369	0.01787	0.00238	6421.0
1.0	1.0	1.0	1.0	1.0	1.0	1.0	1.0	1.0	0.0	0.0	0.0	4.0	16.0	64.0	1.0	1.0	1.0	1.0	1.0	1.0	0.26583	0.07066	0.01878	0.27841	0.07751	0.02158	0.52416	0.27475	0.14401	0.12998	0.01689	0.00219	3272.0
2.0	4.0	8.0	0.0	0.0	0.0	6.0	36.0	216.0	0.0	0.0	0.0	6.0	36.0	216.0	0.0	0.0	0.0	1.0	1.0	1.0	0.635	0.40322	0.25604	0.59469	0.35366	0.21032	0.45625	0.20816	0.09497	0.12314	0.01516	0.00186	5342.0
4.0	16.0	64.0	1.0	1.0	1.0	12.0	144.0	1728.0	0.0	0.0	0.0	0.0	0.0	0.0	0.0	0.0	0.0	2.0	4.0	8.0	0.3625	0.13140	0.04763	0.36993	0.13685	0.05062	0.83875	0.70350	0.59006	0.10074	0.01014	0.00102	3786.0
2.0	4.0	8.0	0.0	0.0	0.0	3.0	9.0	27.0	0.0	0.0	0.0	3.0	9.0	27.0	1.0	1.0	1.0	2.0	4.0	8.0	0.34695	0.12037	0.04176	0.33793	0.11420	0.03859	0.83956	0.70486	0.59178	0.23426	0.05487	0.01285	2121.0
4.0	16.0	64.0	1.0	1.0	1.0	11.0	121.0	1331.0	0.0	0.0	0.0	0.0	0.0	0.0	0.0	0.0	0.0	1.0	1.0	1.0	0.24583	0.06043	0.01485	0.25758	0.06634	0.01709	0.46833	0.21933	0.10272	0.1505	0.02265	0.00340	2424.0
4.0	16.0	64.0	0.0	0.0	0.0	10.0	100.0	1000.0	0.0	0.0	0.0	4.0	16.0	64.0	1.0	1.0	1.0	1.0	1.0	1.0	0.47583	0.22641	0.10773	0.46652	0.21764	0.10153	0.63625	0.40481	0.25756	0.42227	0.17831	0.07529	4195.0
1.0	1.0	1.0	0.0	0.0	0.0	1.0	1.0	1.0	0.0	0.0	0.0	0.0	0.0	0.0	0.0	0.0	0.0	1.0	1.0	1.0	0.23166	0.05366	0.01243	0.23421	0.05485	0.01284	0.48375	0.23401	0.11320	0.18843	0.03550	0.00669	1204.0
2.0	4.0	8.0	0.0	0.0	0.0	4.0	16.0	64.0	0.0	0.0	0.0	6.0	36.0	216.0	0.0	0.0	0.0	2.0	4.0	8.0	0.3425	0.11730	0.04017	0.34152	0.11664	0.03983	0.8775	0.77000	0.67568	0.13308	0.01771	0.00235	2455.0
2.0	4.0	8.0	0.0	0.0	0.0	6.0	36.0	216.0	0.0	0.0	0.0	3.0	9.0	27.0	1.0	1.0	1.0	2.0	4.0	8.0	0.76416	0.58395	0.44623	0.72096	0.51979	0.37475	0.67708	0.45844	0.31040	0.20709	0.04288	0.00888	3974.0
1.0	1.0	1.0	0.0	0.0	0.0	2.0	4.0	8.0	0.0	0.0	0.0	0.0	0.0	0.0	0.0	0.0	0.0	1.0	1.0	1.0	0.28583	0.08170	0.02335	0.29167	0.08507	0.02481	0.56833	0.32300	0.18357	0.1418	0.02010	0.00285	1623.0
1.0	1.0	1.0	1.0	1.0	1.0	2.0	4.0	8.0	0.0	0.0	0.0	5.0	25.0	125.0	1.0	1.0	1.0	2.0	4.0	8.0	0.28083	0.07886	0.02214	0.29355	0.08617	0.02529	0.54	0.2916	0.15746	0.11692	0.01367	0.00159	3831.0
1.0	1.0	1.0	0.0	0.0	0.0	3.0	9.0	27.0	0.0	0.0	0.0	4.0	16.0	64.0	1.0	1.0	1.0	3.0	9.0	27.0	0.38909	0.15139	0.05890	0.38566	0.14873	0.05736	0.0	0.0	0.0	0.26187	0.06857	0.01795	623.0
4.0	16.0	64.0	0.0	0.0	0.0	12.0	144.0	1728.0	0.0	0.0	0.0	3.0	9.0	27.0	1.0	1.0	1.0	2.0	4.0	8.0	0.3175	0.10080	0.03200	0.33836	0.11448	0.03873	0.66375	0.44056	0.29242	0.06095	0.00371	0.00022	3740.0
4.0	16.0	64.0	0.0	0.0	0.0	12.0	144.0	1728.0	0.0	0.0	0.0	4.0	16.0	64.0	1.0	1.0	1.0	1.0	1.0	1.0	0.26583	0.07066	0.01878	0.25693	0.06601	0.01696	0.58	0.3364	0.19511	0.24005	0.05762	0.01383	3322.0
2.0	4.0	8.0	0.0	0.0	0.0	4.0	16.0	64.0	0.0	0.0	0.0	5.0	25.0	125.0	1.0	1.0	1.0	2.0	4.0	8.0	0.33666	0.11334	0.03815	0.32195	0.10365	0.03337	0.72958	0.53229	0.38835	0.21952	0.04818	0.01057	1683.0
2.0	4.0	8.0	1.0	1.0	1.0	5.0	25.0	125.0	0.0	0.0	0.0	6.0	36.0	216.0	0.0	0.0	0.0	2.0	4.0	8.0	0.62166	0.38646	0.24025	0.58460	0.34176	0.19979	0.75666	0.57254	0.43322	0.15299	0.02340	0.00358	6883.0
4.0	16.0	64.0	1.0	1.0	1.0	10.0	100.0	1000.0	0.0	0.0	0.0	1.0	1.0	1.0	1.0	1.0	1.0	2.0	4.0	8.0	0.52083	0.27126	0.14128	0.512	0.26214	0.13421	0.64916	0.42141	0.27357	0.09080	0.00824	0.00074	6778.0
1.0	1.0	1.0	0.0	0.0	0.0	12.0	144.0	1728.0	1.0	1.0	1.0	1.0	1.0	1.0	0.0	0.0	0.0	1.0	1.0	1.0	0.32173	0.10351	0.03330	0.31553	0.09956	0.03141	0.50695	0.25700	0.13029	0.23946	0.05734	0.01373	1317.0
2.0	4.0	8.0	1.0	1.0	1.0	4.0	16.0	64.0	0.0	0.0	0.0	5.0	25.0	125.0	1.0	1.0	1.0	1.0	1.0	1.0	0.4575	0.20930	0.09575	0.45263	0.20488	0.09273	0.40083	0.16066	0.06440	0.34763	0.12084	0.04201	6233.0
2.0	4.0	8.0	0.0	0.0	0.0	5.0	25.0	125.0	0.0	0.0	0.0	4.0	16.0	64.0	1.0	1.0	1.0	1.0	1.0	1.0	0.70833	0.50173	0.35539	0.65468	0.42861	0.28060	0.6775	0.45900	0.31097	0.19964	0.03985	0.00795	4677.0
1.0	1.0	1.0	1.0	1.0	1.0	2.0	4.0	8.0	0.0	0.0	0.0	2.0	4.0	8.0	1.0	1.0	1.0	1.0	1.0	1.0	0.35916	0.12900	0.04633	0.35352	0.12497	0.04418	0.39583	0.15668	0.06202	0.19341	0.03741	0.00723	4363.0
3.0	9.0	27.0	1.0	1.0	1.0	8.0	64.0	512.0	0.0	0.0	0.0	5.0	25.0	125.0	1.0	1.0	1.0	2.0	4.0	8.0	0.71583	0.51241	0.36680	0.66794	0.44614	0.29799	0.71583	0.51241	0.36680	0.23881	0.05703	0.01361	5786.0
1.0	1.0	1.0	1.0	1.0	1.0	1.0	1.0	1.0	0.0	0.0	0.0	1.0	1.0	1.0	1.0	1.0	1.0	2.0	4.0	8.0	0.22416	0.05025	0.01126	0.24747	0.06124	0.01515	0.70166	0.49233	0.34545	0.0989	0.00978	0.00096	2376.0
4.0	16.0	64.0	0.0	0.0	0.0	11.0	121.0	1331.0	0.0	0.0	0.0	4.0	16.0	64.0	1.0	1.0	1.0	1.0	1.0	1.0	0.40833	0.16673	0.06808	0.40592	0.16477	0.06688	0.70208	0.49292	0.34607	0.13681	0.01871	0.00256	3974.0
3.0	9.0	27.0	1.0	1.0	1.0	7.0	49.0	343.0	0.0	0.0	0.0	4.0	16.0	64.0	1.0	1.0	1.0	1.0	1.0	1.0	0.8275	0.68475	0.56663	0.76136	0.57967	0.44134	0.45791	0.20968	0.09601	0.19402	0.03764	0.00730	6241.0
3.0	9.0	27.0	0.0	0.0	0.0	8.0	64.0	512.0	0.0	0.0	0.0	3.0	9.0	27.0	1.0	1.0	1.0	1.0	1.0	1.0	0.65666	0.43121	0.28316	0.61112	0.37346	0.22823	0.59791	0.35750	0.21375	0.08333	0.00694	0.00057	5058.0
3.0	9.0	27.0	1.0	1.0	1.0	7.0	49.0	343.0	0.0	0.0	0.0	1.0	1.0	1.0	1.0	1.0	1.0	1.0	1.0	1.0	0.74166	0.55006	0.40796	0.69001	0.47612	0.32853	0.69416	0.48186	0.33449	0.13868	0.01923	0.00266	6966.0
3.0	9.0	27.0	1.0	1.0	1.0	7.0	49.0	343.0	0.0	0.0	0.0	2.0	4.0	8.0	1.0	1.0	1.0	2.0	4.0	8.0	0.72083	0.51960	0.37454	0.66479	0.44195	0.29380	0.6675	0.44555	0.29740	0.15173	0.02302	0.00349	6290.0
3.0	9.0	27.0	0.0	0.0	0.0	8.0	64.0	512.0	0.0	0.0	0.0	2.0	4.0	8.0	1.0	1.0	1.0	1.0	1.0	1.0	0.78333	0.61361	0.48066	0.70707	0.49994	0.35349	0.49125	0.24132	0.11855	0.20585	0.04237	0.00872	4845.0
3.0	9.0	27.0	1.0	1.0	1.0	8.0	64.0	512.0	0.0	0.0	0.0	6.0	36.0	216.0	0.0	0.0	0.0	1.0	1.0	1.0	0.79333	0.62937	0.49930	0.75126	0.56440	0.42401	0.61333	0.37617	0.23072	0.25745	0.06628	0.01706	6824.0
1.0	1.0	1.0	0.0	0.0	0.0	1.0	1.0	1.0	0.0	0.0	0.0	2.0	4.0	8.0	1.0	1.0	1.0	2.0	4.0	8.0	0.21666	0.04694	0.01017	0.23233	0.05397	0.01254	0.86166	0.74247	0.63976	0.14677	0.02154	0.00316	683.0
4.0	16.0	64.0	1.0	1.0	1.0	10.0	100.0	1000.0	0.0	0.0	0.0	4.0	16.0	64.0	1.0	1.0	1.0	2.0	4.0	8.0	0.5225	0.27300	0.14264	0.51262	0.26278	0.13470	0.72833	0.53046	0.38635	0.23693	0.05613	0.01330	7509.0
2.0	4.0	8.0	1.0	1.0	1.0	4.0	16.0	64.0	0.0	0.0	0.0	6.0	36.0	216.0	0.0	0.0	0.0	2.0	4.0	8.0	0.37666	0.14187	0.05344	0.37750	0.14250	0.05379	0.48958	0.23969	0.11734	0.12997	0.01689	0.00219	4220.0
3.0	9.0	27.0	1.0	1.0	1.0	9.0	81.0	729.0	0.0	0.0	0.0	6.0	36.0	216.0	0.0	0.0	0.0	1.0	1.0	1.0	0.65	0.42250	0.27462	0.61048	0.37269	0.22752	0.64666	0.41817	0.27042	0.28358	0.08041	0.02280	8395.0
3.0	9.0	27.0	1.0	1.0	1.0	8.0	64.0	512.0	0.0	0.0	0.0	3.0	9.0	27.0	1.0	1.0	1.0	1.0	1.0	1.0	0.70666	0.49937	0.35289	0.65403	0.42776	0.27977	0.61958	0.38388	0.23784	0.16977	0.02882	0.00489	7347.0
4.0	16.0	64.0	1.0	1.0	1.0	12.0	144.0	1728.0	0.0	0.0	0.0	6.0	36.0	216.0	0.0	0.0	0.0	2.0	4.0	8.0	0.38166	0.14566	0.05559	0.38950	0.15171	0.05909	0.91125	0.83037	0.75668	0.10137	0.01027	0.00104	5582.0
1.0	1.0	1.0	1.0	1.0	1.0	3.0	9.0	27.0	0.0	0.0	0.0	4.0	16.0	64.0	1.0	1.0	1.0	1.0	1.0	1.0	0.5575	0.31080	0.17327	0.53282	0.28390	0.15127	0.57958	0.33591	0.19469	0.14988	0.02246	0.00336	6192.0
3.0	9.0	27.0	0.0	0.0	0.0	7.0	49.0	343.0	0.0	0.0	0.0	5.0	25.0	125.0	1.0	1.0	1.0	2.0	4.0	8.0	0.70916	0.50291	0.35665	0.67048	0.44954	0.30141	0.75791	0.57443	0.43537	0.22512	0.05068	0.01141	4040.0
4.0	16.0	64.0	0.0	0.0	0.0	12.0	144.0	1728.0	0.0	0.0	0.0	1.0	1.0	1.0	1.0	1.0	1.0	2.0	4.0	8.0	0.38583	0.14886	0.05743	0.39392	0.15517	0.06112	0.82708	0.68406	0.56577	0.06220	0.00386	0.00024	3811.0
1.0	1.0	1.0	0.0	0.0	0.0	3.0	9.0	27.0	0.0	0.0	0.0	5.0	25.0	125.0	1.0	1.0	1.0	2.0	4.0	8.0	0.26166	0.06846	0.01791	0.25567	0.06537	0.01671	0.61041	0.37260	0.22744	0.20334	0.04134	0.00840	1944.0
2.0	4.0	8.0	1.0	1.0	1.0	4.0	16.0	64.0	0.0	0.0	0.0	5.0	25.0	125.0	1.0	1.0	1.0	1.0	1.0	1.0	0.52666	0.27737	0.14608	0.51577	0.26602	0.13720	0.69458	0.48244	0.33509	0.14987	0.02246	0.00336	7290.0
1.0	1.0	1.0	1.0	1.0	1.0	3.0	9.0	27.0	0.0	0.0	0.0	0.0	0.0	0.0	0.0	0.0	0.0	1.0	1.0	1.0	0.32583	0.10616	0.03459	0.30302	0.09182	0.02782	0.40333	0.16267	0.06561	0.33457	0.11193	0.03745	3423.0
4.0	16.0	64.0	0.0	0.0	0.0	12.0	144.0	1728.0	0.0	0.0	0.0	3.0	9.0	27.0	1.0	1.0	1.0	3.0	9.0	27.0	0.41	0.16809	0.06892	0.40024	0.16019	0.06411	0.97041	0.94170	0.91385	0.26617	0.07084	0.01885	705.0
2.0	4.0	8.0	1.0	1.0	1.0	4.0	16.0	64.0	0.0	0.0	0.0	2.0	4.0	8.0	1.0	1.0	1.0	1.0	1.0	1.0	0.41333	0.17084	0.07061	0.40528	0.16425	0.06656	0.45416	0.20626	0.09367	0.24938	0.06219	0.01550	5633.0
1.0	1.0	1.0	1.0	1.0	1.0	3.0	9.0	27.0	0.0	0.0	0.0	3.0	9.0	27.0	1.0	1.0	1.0	1.0	1.0	1.0	0.40416	0.16335	0.06602	0.3851	0.14830	0.05711	0.51333	0.26351	0.13526	0.34577	0.11956	0.04134	4916.0
2.0	4.0	8.0	1.0	1.0	1.0	5.0	25.0	125.0	0.0	0.0	0.0	2.0	4.0	8.0	1.0	1.0	1.0	2.0	4.0	8.0	0.61166	0.37413	0.22884	0.57640	0.33224	0.19150	0.79458	0.63136	0.50166	0.14739	0.02172	0.00320	5115.0
1.0	1.0	1.0	1.0	1.0	1.0	2.0	4.0	8.0	0.0	0.0	0.0	1.0	1.0	1.0	1.0	1.0	1.0	1.0	1.0	1.0	0.2225	0.04950	0.01101	0.22791	0.05194	0.01183	0.41125	0.16912	0.06955	0.16728	0.02798	0.00468	3422.0
4.0	16.0	64.0	1.0	1.0	1.0	11.0	121.0	1331.0	0.0	0.0	0.0	4.0	16.0	64.0	1.0	1.0	1.0	1.0	1.0	1.0	0.28087	0.07888	0.02215	0.29842	0.08905	0.02657	0.55565	0.30874	0.17155	0.11552	0.01334	0.00154	5323.0
4.0	16.0	64.0	0.0	0.0	0.0	12.0	144.0	1728.0	0.0	0.0	0.0	6.0	36.0	216.0	0.0	0.0	0.0	1.0	1.0	1.0	0.29916	0.08950	0.02677	0.31060	0.09647	0.02996	0.61291	0.37566	0.23025	0.09578	0.00917	0.00087	3614.0
2.0	4.0	8.0	0.0	0.0	0.0	5.0	25.0	125.0	0.0	0.0	0.0	0.0	0.0	0.0	0.0	0.0	0.0	2.0	4.0	8.0	0.5625	0.31640	0.17797	0.536	0.28729	0.15399	0.86708	0.75183	0.65190	0.15297	0.02340	0.00358	4553.0
2.0	4.0	8.0	1.0	1.0	1.0	4.0	16.0	64.0	0.0	0.0	0.0	0.0	0.0	0.0	0.0	0.0	0.0	2.0	4.0	8.0	0.42583	0.18133	0.07721	0.41728	0.17412	0.07266	0.67625	0.45731	0.30925	0.17226	0.02967	0.00511	6041.0
1.0	1.0	1.0	1.0	1.0	1.0	1.0	1.0	1.0	0.0	0.0	0.0	4.0	16.0	64.0	1.0	1.0	1.0	2.0	4.0	8.0	0.3825	0.14630	0.05596	0.38193	0.14587	0.05571	0.80291	0.64467	0.51762	0.18096	0.03274	0.00592	4097.0
4.0	16.0	64.0	1.0	1.0	1.0	10.0	100.0	1000.0	0.0	0.0	0.0	1.0	1.0	1.0	1.0	1.0	1.0	1.0	1.0	1.0	0.4875	0.23765	0.11585	0.48294	0.23323	0.11263	0.56833	0.32300	0.18357	0.08148	0.00663	0.00054	7058.0
1.0	1.0	1.0	1.0	1.0	1.0	2.0	4.0	8.0	0.0	0.0	0.0	4.0	16.0	64.0	1.0	1.0	1.0	1.0	1.0	1.0	0.265	0.07022	0.01860	0.26198	0.06863	0.01798	0.56208	0.31593	0.17758	0.19403	0.03765	0.00730	3830.0
1.0	1.0	1.0	0.0	0.0	0.0	1.0	1.0	1.0	0.0	0.0	0.0	3.0	9.0	27.0	1.0	1.0	1.0	2.0	4.0	8.0	0.29217	0.08536	0.02494	0.29842	0.08905	0.02657	0.74173	0.55017	0.40808	0.20831	0.04339	0.00904	1650.0
2.0	4.0	8.0	0.0	0.0	0.0	6.0	36.0	216.0	0.0	0.0	0.0	5.0	25.0	125.0	1.0	1.0	1.0	1.0	1.0	1.0	0.62	0.3844	0.23832	0.58713	0.34472	0.20239	0.35416	0.12543	0.04442	0.25312	0.06407	0.01621	5312.0
4.0	16.0	64.0	1.0	1.0	1.0	11.0	121.0	1331.0	0.0	0.0	0.0	5.0	25.0	125.0	1.0	1.0	1.0	1.0	1.0	1.0	0.29833	0.08900	0.02655	0.32386	0.10488	0.03397	0.64958	0.42195	0.27409	0.05847	0.00341	0.00019	5668.0
3.0	9.0	27.0	1.0	1.0	1.0	9.0	81.0	729.0	0.0	0.0	0.0	0.0	0.0	0.0	0.0	0.0	0.0	1.0	1.0	1.0	0.58	0.3364	0.19511	0.56312	0.31710	0.17857	0.57	0.32489	0.18519	0.09018	0.00813	0.00073	7333.0
1.0	1.0	1.0	0.0	0.0	0.0	2.0	4.0	8.0	0.0	0.0	0.0	3.0	9.0	27.0	1.0	1.0	1.0	1.0	1.0	1.0	0.31826	0.10129	0.03223	0.3162	0.09998	0.03161	0.42347	0.17933	0.07594	0.25179	0.06339	0.01596	2115.0
2.0	4.0	8.0	0.0	0.0	0.0	6.0	36.0	216.0	0.0	0.0	0.0	4.0	16.0	64.0	1.0	1.0	1.0	2.0	4.0	8.0	0.80833	0.65340	0.52816	0.75757	0.57392	0.43479	0.56833	0.32300	0.18357	0.14988	0.02246	0.00336	3915.0
1.0	1.0	1.0	0.0	0.0	0.0	1.0	1.0	1.0	0.0	0.0	0.0	2.0	4.0	8.0	1.0	1.0	1.0	1.0	1.0	1.0	0.2	0.04000	0.00800	0.21212	0.04499	0.00954	0.59043	0.34861	0.20583	0.16029	0.02569	0.00411	1562.0
1.0	1.0	1.0	0.0	0.0	0.0	1.0	1.0	1.0	0.0	0.0	0.0	4.0	16.0	64.0	1.0	1.0	1.0	1.0	1.0	1.0	0.195	0.03802	0.00741	0.2197	0.04826	0.01060	0.6875	0.47265	0.32495	0.11383	0.01295	0.00147	431.0
2.0	4.0	8.0	0.0	0.0	0.0	4.0	16.0	64.0	0.0	0.0	0.0	3.0	9.0	27.0	1.0	1.0	1.0	1.0	1.0	1.0	0.39083	0.15275	0.05969	0.38760	0.15023	0.05823	0.47083	0.22168	0.10437	0.26306	0.06920	0.01820	2808.0
2.0	4.0	8.0	0.0	0.0	0.0	4.0	16.0	64.0	0.0	0.0	0.0	4.0	16.0	64.0	1.0	1.0	1.0	1.0	1.0	1.0	0.45916	0.21083	0.09680	0.45389	0.20601	0.09350	0.40708	0.16571	0.06746	0.32525	0.10579	0.03440	4189.0
4.0	16.0	64.0	1.0	1.0	1.0	11.0	121.0	1331.0	0.0	0.0	0.0	0.0	0.0	0.0	0.0	0.0	0.0	1.0	1.0	1.0	0.42083	0.17710	0.07452	0.42171	0.17784	0.07499	0.65916	0.43450	0.28640	0.1275	0.01625	0.00207	6852.0
3.0	9.0	27.0	1.0	1.0	1.0	7.0	49.0	343.0	0.0	0.0	0.0	6.0	36.0	216.0	0.0	0.0	0.0	1.0	1.0	1.0	0.75583	0.57128	0.43179	0.69760	0.48665	0.33948	0.61333	0.37617	0.23072	0.15735	0.02475	0.00389	6685.0
1.0	1.0	1.0	1.0	1.0	1.0	1.0	1.0	1.0	1.0	1.0	1.0	1.0	1.0	1.0	0.0	0.0	0.0	1.0	1.0	1.0	0.19	0.0361	0.00685	0.19066	0.03635	0.00693	0.5225	0.27300	0.14264	0.23135	0.05352	0.01238	2298.0
4.0	16.0	64.0	1.0	1.0	1.0	10.0	100.0	1000.0	0.0	0.0	0.0	6.0	36.0	216.0	0.0	0.0	0.0	1.0	1.0	1.0	0.48416	0.23441	0.11349	0.47284	0.22357	0.10571	0.57291	0.32823	0.18805	0.11753	0.01381	0.00162	8090.0
4.0	16.0	64.0	1.0	1.0	1.0	9.0	81.0	729.0	0.0	0.0	0.0	1.0	1.0	1.0	1.0	1.0	1.0	1.0	1.0	1.0	0.51416	0.26436	0.13592	0.50251	0.25251	0.12689	0.49291	0.24296	0.11976	0.14240	0.02027	0.00288	7436.0
1.0	1.0	1.0	0.0	0.0	0.0	12.0	144.0	1728.0	0.0	0.0	0.0	5.0	25.0	125.0	1.0	1.0	1.0	1.0	1.0	1.0	0.37333	0.13937	0.05203	0.37751	0.14251	0.05380	0.68625	0.47093	0.32318	0.27424	0.07521	0.02062	2209.0
1.0	1.0	1.0	1.0	1.0	1.0	1.0	1.0	1.0	0.0	0.0	0.0	0.0	0.0	0.0	0.0	0.0	0.0	1.0	1.0	1.0	0.16666	0.02777	0.00462	0.16162	0.02612	0.00422	0.41916	0.17570	0.07364	0.25125	0.06313	0.01586	2311.0
4.0	16.0	64.0	0.0	0.0	0.0	11.0	121.0	1331.0	0.0	0.0	0.0	2.0	4.0	8.0	1.0	1.0	1.0	3.0	9.0	27.0	0.41666	0.17361	0.07233	0.42169	0.17782	0.07498	0.9625	0.92640	0.89166	0.11879	0.01411	0.00167	1607.0
2.0	4.0	8.0	0.0	0.0	0.0	6.0	36.0	216.0	0.0	0.0	0.0	3.0	9.0	27.0	1.0	1.0	1.0	1.0	1.0	1.0	0.62666	0.39271	0.24609	0.58775	0.34545	0.20304	0.47166	0.22246	0.10493	0.16791	0.02819	0.00473	5180.0
2.0	4.0	8.0	0.0	0.0	0.0	4.0	16.0	64.0	0.0	0.0	0.0	0.0	0.0	0.0	0.0	0.0	0.0	1.0	1.0	1.0	0.37833	0.14313	0.05415	0.37876	0.14346	0.05433	0.48	0.2304	0.11059	0.18221	0.03320	0.00604	3249.0
2.0	4.0	8.0	1.0	1.0	1.0	5.0	25.0	125.0	0.0	0.0	0.0	4.0	16.0	64.0	1.0	1.0	1.0	1.0	1.0	1.0	0.59333	0.35204	0.20887	0.57261	0.32788	0.18775	0.52	0.27040	0.14060	0.22947	0.05265	0.01208	7384.0
1.0	1.0	1.0	0.0	0.0	0.0	12.0	144.0	1728.0	0.0	0.0	0.0	6.0	36.0	216.0	0.0	0.0	0.0	1.0	1.0	1.0	0.3025	0.09150	0.02768	0.29924	0.08954	0.02679	0.5425	0.29430	0.15966	0.19030	0.03621	0.00689	1011.0
3.0	9.0	27.0	0.0	0.0	0.0	6.0	36.0	216.0	0.0	0.0	0.0	2.0	4.0	8.0	1.0	1.0	1.0	1.0	1.0	1.0	0.74416	0.55378	0.41210	0.69255	0.47963	0.33217	0.63416	0.40216	0.25504	0.14428	0.02081	0.00300	4648.0
2.0	4.0	8.0	1.0	1.0	1.0	5.0	25.0	125.0	0.0	0.0	0.0	3.0	9.0	27.0	1.0	1.0	1.0	1.0	1.0	1.0	0.56416	0.31828	0.17956	0.53789	0.28933	0.15563	0.79708	0.63534	0.50641	0.13805	0.01906	0.00263	6169.0
2.0	4.0	8.0	0.0	0.0	0.0	6.0	36.0	216.0	0.0	0.0	0.0	5.0	25.0	125.0	1.0	1.0	1.0	1.0	1.0	1.0	0.64916	0.42141	0.27357	0.60038	0.36045	0.21641	0.73583	0.54145	0.39841	0.14302	0.02045	0.00292	4844.0
2.0	4.0	8.0	0.0	0.0	0.0	4.0	16.0	64.0	0.0	0.0	0.0	1.0	1.0	1.0	1.0	1.0	1.0	1.0	1.0	1.0	0.60666	0.36804	0.22328	0.5745	0.33005	0.18961	0.77666	0.60321	0.46849	0.18533	0.03434	0.00636	4073.0
4.0	16.0	64.0	1.0	1.0	1.0	11.0	121.0	1331.0	0.0	0.0	0.0	5.0	25.0	125.0	1.0	1.0	1.0	1.0	1.0	1.0	0.36833	0.13566	0.04997	0.37877	0.14347	0.05434	0.56875	0.32347	0.18397	0.14802	0.02191	0.00324	3910.0
3.0	9.0	27.0	1.0	1.0	1.0	7.0	49.0	343.0	0.0	0.0	0.0	3.0	9.0	27.0	1.0	1.0	1.0	1.0	1.0	1.0	0.79333	0.62937	0.49930	0.74558	0.55589	0.41446	0.57708	0.33302	0.19218	0.13744	0.01889	0.00259	5713.0
2.0	4.0	8.0	1.0	1.0	1.0	6.0	36.0	216.0	0.0	0.0	0.0	2.0	4.0	8.0	1.0	1.0	1.0	2.0	4.0	8.0	0.65333	0.42684	0.27887	0.59787	0.35745	0.21371	0.83333	0.69444	0.57870	0.21454	0.04602	0.00987	4972.0
1.0	1.0	1.0	1.0	1.0	1.0	3.0	9.0	27.0	0.0	0.0	0.0	1.0	1.0	1.0	1.0	1.0	1.0	1.0	1.0	1.0	0.545	0.29702	0.16187	0.53282	0.28389	0.15126	0.72875	0.53107	0.38702	0.16231	0.02634	0.00427	6153.0
3.0	9.0	27.0	0.0	0.0	0.0	6.0	36.0	216.0	0.0	0.0	0.0	4.0	16.0	64.0	1.0	1.0	1.0	2.0	4.0	8.0	0.72833	0.53046	0.38635	0.69383	0.48140	0.33401	0.70333	0.49467	0.34792	0.23880	0.05702	0.01361	4790.0
4.0	16.0	64.0	1.0	1.0	1.0	11.0	121.0	1331.0	0.0	0.0	0.0	5.0	25.0	125.0	1.0	1.0	1.0	1.0	1.0	1.0	0.36166	0.13080	0.04730	0.35541	0.12631	0.04489	0.54083	0.29250	0.15819	0.21455	0.04603	0.00987	5992.0
1.0	1.0	1.0	1.0	1.0	1.0	2.0	4.0	8.0	0.0	0.0	0.0	6.0	36.0	216.0	0.0	0.0	0.0	1.0	1.0	1.0	0.29083	0.08458	0.02459	0.25567	0.06536	0.01671	0.39583	0.15668	0.06202	0.42164	0.17778	0.07496	2732.0
2.0	4.0	8.0	1.0	1.0	1.0	6.0	36.0	216.0	0.0	0.0	0.0	3.0	9.0	27.0	1.0	1.0	1.0	1.0	1.0	1.0	0.55416	0.30710	0.17018	0.54229	0.29408	0.15947	0.61125	0.37362	0.22837	0.07712	0.00594	0.00045	7055.0
1.0	1.0	1.0	1.0	1.0	1.0	2.0	4.0	8.0	0.0	0.0	0.0	2.0	4.0	8.0	1.0	1.0	1.0	1.0	1.0	1.0	0.28782	0.08284	0.02384	0.29511	0.08709	0.02570	0.59434	0.35324	0.20995	0.20571	0.04231	0.00870	3777.0
2.0	4.0	8.0	1.0	1.0	1.0	4.0	16.0	64.0	0.0	0.0	0.0	0.0	0.0	0.0	0.0	0.0	0.0	1.0	1.0	1.0	0.5	0.25	0.125	0.49242	0.24248	0.11940	0.27583	0.07608	0.02098	0.23259	0.05410	0.01258	5169.0
3.0	9.0	27.0	1.0	1.0	1.0	6.0	36.0	216.0	0.0	0.0	0.0	4.0	16.0	64.0	1.0	1.0	1.0	1.0	1.0	1.0	0.74916	0.56125	0.42047	0.67551	0.45631	0.30824	0.4225	0.17850	0.07541	0.17165	0.02946	0.00505	6879.0
3.0	9.0	27.0	0.0	0.0	0.0	7.0	49.0	343.0	0.0	0.0	0.0	2.0	4.0	8.0	1.0	1.0	1.0	1.0	1.0	1.0	0.79416	0.63070	0.50088	0.73927	0.54652	0.40403	0.55916	0.31266	0.17483	0.20025	0.04010	0.00803	4258.0
1.0	1.0	1.0	1.0	1.0	1.0	1.0	1.0	1.0	0.0	0.0	0.0	4.0	16.0	64.0	1.0	1.0	1.0	1.0	1.0	1.0	0.19	0.0361	0.00685	0.19003	0.03611	0.00686	0.4975	0.24750	0.12313	0.22015	0.04846	0.01067	3292.0
3.0	9.0	27.0	1.0	1.0	1.0	9.0	81.0	729.0	0.0	0.0	0.0	6.0	36.0	216.0	0.0	0.0	0.0	1.0	1.0	1.0	0.60833	0.37006	0.22512	0.58586	0.34324	0.20109	0.50166	0.25166	0.12625	0.24752	0.06126	0.01516	8714.0
1.0	1.0	1.0	0.0	0.0	0.0	12.0	144.0	1728.0	0.0	0.0	0.0	2.0	4.0	8.0	1.0	1.0	1.0	2.0	4.0	8.0	0.325	0.10562	0.03432	0.32763	0.10734	0.03516	0.7625	0.58140	0.44332	0.18845	0.03551	0.00669	1162.0
1.0	1.0	1.0	0.0	0.0	0.0	3.0	9.0	27.0	0.0	0.0	0.0	1.0	1.0	1.0	1.0	1.0	1.0	1.0	1.0	1.0	0.26173	0.06850	0.01793	0.23846	0.05686	0.01355	0.55130	0.30393	0.16756	0.34135	0.11652	0.03977	1872.0
3.0	9.0	27.0	1.0	1.0	1.0	7.0	49.0	343.0	0.0	0.0	0.0	2.0	4.0	8.0	1.0	1.0	1.0	1.0	1.0	1.0	0.78083	0.60970	0.47607	0.70265	0.49371	0.34691	0.49208	0.24214	0.11915	0.12623	0.01593	0.00201	6660.0
3.0	9.0	27.0	0.0	0.0	0.0	9.0	81.0	729.0	0.0	0.0	0.0	6.0	36.0	216.0	0.0	0.0	0.0	1.0	1.0	1.0	0.66	0.43560	0.28749	0.60796	0.36961	0.22471	0.75375	0.56813	0.42823	0.15360	0.02359	0.00362	5345.0
4.0	16.0	64.0	0.0	0.0	0.0	11.0	121.0	1331.0	1.0	1.0	1.0	5.0	25.0	125.0	0.0	0.0	0.0	1.0	1.0	1.0	0.32416	0.10508	0.03406	0.30681	0.09413	0.02888	0.44625	0.19913	0.08886	0.31467	0.09902	0.03115	3368.0
2.0	4.0	8.0	1.0	1.0	1.0	5.0	25.0	125.0	0.0	0.0	0.0	2.0	4.0	8.0	1.0	1.0	1.0	2.0	4.0	8.0	0.61333	0.37617	0.23072	0.57702	0.33295	0.19212	0.65958	0.43504	0.28695	0.15609	0.02436	0.00380	5740.0
2.0	4.0	8.0	0.0	0.0	0.0	5.0	25.0	125.0	0.0	0.0	0.0	2.0	4.0	8.0	1.0	1.0	1.0	1.0	1.0	1.0	0.5325	0.28355	0.15099	0.52272	0.27323	0.14282	0.48916	0.23928	0.11705	0.11567	0.01337	0.00154	4803.0
4.0	16.0	64.0	1.0	1.0	1.0	10.0	100.0	1000.0	0.0	0.0	0.0	0.0	0.0	0.0	0.0	0.0	0.0	2.0	4.0	8.0	0.41583	0.17291	0.07190	0.41981	0.17624	0.07398	0.70833	0.50173	0.35539	0.14116	0.01992	0.00281	3510.0
2.0	4.0	8.0	0.0	0.0	0.0	6.0	36.0	216.0	0.0	0.0	0.0	5.0	25.0	125.0	1.0	1.0	1.0	1.0	1.0	1.0	0.755	0.57002	0.43036	0.70329	0.49461	0.34786	0.605	0.36602	0.22144	0.14055	0.01975	0.00277	4586.0
1.0	1.0	1.0	0.0	0.0	0.0	1.0	1.0	1.0	0.0	0.0	0.0	6.0	36.0	216.0	0.0	0.0	0.0	1.0	1.0	1.0	0.05913	0.00349	0.00020	0.07906	0.00625	0.00049	0.4	0.16000	0.06400	0.17197	0.02957	0.00508	981.0
3.0	9.0	27.0	0.0	0.0	0.0	9.0	81.0	729.0	0.0	0.0	0.0	4.0	16.0	64.0	1.0	1.0	1.0	2.0	4.0	8.0	0.62833	0.39480	0.24806	0.55496	0.30798	0.17091	0.90208	0.81375	0.73407	0.12812	0.01641	0.00210	4795.0
1.0	1.0	1.0	0.0	0.0	0.0	3.0	9.0	27.0	0.0	0.0	0.0	5.0	25.0	125.0	1.0	1.0	1.0	2.0	4.0	8.0	0.31652	0.10018	0.03171	0.305	0.09302	0.02837	0.64956	0.42193	0.27407	0.23297	0.05427	0.01264	1977.0
3.0	9.0	27.0	1.0	1.0	1.0	9.0	81.0	729.0	0.0	0.0	0.0	0.0	0.0	0.0	0.0	0.0	0.0	2.0	4.0	8.0	0.69666	0.48534	0.33812	0.649	0.42120	0.27335	0.815	0.66422	0.54134	0.06407	0.00410	0.00026	5810.0
4.0	16.0	64.0	0.0	0.0	0.0	10.0	100.0	1000.0	0.0	0.0	0.0	1.0	1.0	1.0	1.0	1.0	1.0	1.0	1.0	1.0	0.46333	0.21467	0.09946	0.45706	0.20891	0.09548	0.77208	0.59611	0.46024	0.11879	0.01411	0.00167	4187.0
1.0	1.0	1.0	0.0	0.0	0.0	12.0	144.0	1728.0	0.0	0.0	0.0	3.0	9.0	27.0	1.0	1.0	1.0	1.0	1.0	1.0	0.29913	0.08947	0.02676	0.27997	0.07838	0.02194	0.50391	0.25392	0.12795	0.29396	0.08641	0.02540	2302.0
2.0	4.0	8.0	1.0	1.0	1.0	5.0	25.0	125.0	0.0	0.0	0.0	5.0	25.0	125.0	1.0	1.0	1.0	1.0	1.0	1.0	0.68	0.46240	0.31443	0.62752	0.39379	0.24711	0.74708	0.55813	0.41697	0.14055	0.01975	0.00277	6734.0
3.0	9.0	27.0	0.0	0.0	0.0	8.0	64.0	512.0	0.0	0.0	0.0	6.0	36.0	216.0	0.0	0.0	0.0	2.0	4.0	8.0	0.68583	0.47036	0.32259	0.64585	0.41713	0.26940	0.72958	0.53229	0.38835	0.21145	0.04471	0.00945	4150.0
4.0	16.0	64.0	0.0	0.0	0.0	10.0	100.0	1000.0	0.0	0.0	0.0	5.0	25.0	125.0	1.0	1.0	1.0	1.0	1.0	1.0	0.4275	0.18275	0.07812	0.42359	0.17943	0.07600	0.57416	0.32966	0.18928	0.22139	0.04901	0.01085	4304.0
2.0	4.0	8.0	1.0	1.0	1.0	6.0	36.0	216.0	0.0	0.0	0.0	4.0	16.0	64.0	1.0	1.0	1.0	1.0	1.0	1.0	0.6025	0.36300	0.21871	0.56944	0.32426	0.18464	0.56708	0.32158	0.18236	0.15735	0.02475	0.00389	7494.0
4.0	16.0	64.0	1.0	1.0	1.0	10.0	100.0	1000.0	1.0	1.0	1.0	1.0	1.0	1.0	0.0	0.0	0.0	2.0	4.0	8.0	0.38333	0.14694	0.05632	0.38760	0.15023	0.05823	0.70958	0.50350	0.35728	0.18967	0.03597	0.00682	5478.0
3.0	9.0	27.0	1.0	1.0	1.0	8.0	64.0	512.0	0.0	0.0	0.0	0.0	0.0	0.0	0.0	0.0	0.0	2.0	4.0	8.0	0.65333	0.42684	0.27887	0.59599	0.35521	0.21170	0.84583	0.71543	0.60513	0.22885	0.05237	0.01198	5255.0
3.0	9.0	27.0	1.0	1.0	1.0	8.0	64.0	512.0	0.0	0.0	0.0	6.0	36.0	216.0	0.0	0.0	0.0	2.0	4.0	8.0	0.6925	0.47955	0.33209	0.63826	0.40738	0.26002	0.73291	0.53716	0.39369	0.20647	0.04263	0.00880	6299.0
2.0	4.0	8.0	0.0	0.0	0.0	6.0	36.0	216.0	0.0	0.0	0.0	4.0	16.0	64.0	1.0	1.0	1.0	1.0	1.0	1.0	0.715	0.51122	0.36552	0.64394	0.41466	0.26701	0.305	0.09302	0.02837	0.29228	0.08543	0.02497	4968.0
3.0	9.0	27.0	1.0	1.0	1.0	7.0	49.0	343.0	0.0	0.0	0.0	6.0	36.0	216.0	0.0	0.0	0.0	1.0	1.0	1.0	0.86166	0.74247	0.63976	0.80491	0.64788	0.52149	0.49208	0.24214	0.11915	0.16355	0.02674	0.00437	4840.0
3.0	9.0	27.0	0.0	0.0	0.0	8.0	64.0	512.0	0.0	0.0	0.0	3.0	9.0	27.0	1.0	1.0	1.0	2.0	4.0	8.0	0.73166	0.53533	0.39168	0.67993	0.46231	0.31434	0.6575	0.43230	0.28424	0.13558	0.01838	0.00249	3574.0
3.0	9.0	27.0	1.0	1.0	1.0	8.0	64.0	512.0	0.0	0.0	0.0	3.0	9.0	27.0	1.0	1.0	1.0	1.0	1.0	1.0	0.7175	0.51480	0.36937	0.66730	0.44529	0.29715	0.6775	0.45900	0.31097	0.14117	0.01993	0.00281	7580.0
4.0	16.0	64.0	0.0	0.0	0.0	10.0	100.0	1000.0	0.0	0.0	0.0	1.0	1.0	1.0	1.0	1.0	1.0	2.0	4.0	8.0	0.38416	0.14758	0.05669	0.39204	0.15370	0.06025	0.76083	0.57886	0.44042	0.08334	0.00694	0.00057	3570.0
4.0	16.0	64.0	0.0	0.0	0.0	12.0	144.0	1728.0	0.0	0.0	0.0	0.0	0.0	0.0	0.0	0.0	0.0	1.0	1.0	1.0	0.23833	0.05680	0.01353	0.24557	0.06030	0.01481	0.58625	0.34368	0.20148	0.16977	0.02882	0.00489	2431.0
4.0	16.0	64.0	1.0	1.0	1.0	10.0	100.0	1000.0	0.0	0.0	0.0	4.0	16.0	64.0	1.0	1.0	1.0	2.0	4.0	8.0	0.6575	0.43230	0.28424	0.60797	0.36963	0.22472	0.72291	0.52260	0.37780	0.11754	0.01381	0.00162	7328.0
3.0	9.0	27.0	0.0	0.0	0.0	7.0	49.0	343.0	0.0	0.0	0.0	6.0	36.0	216.0	0.0	0.0	0.0	1.0	1.0	1.0	0.80416	0.64668	0.52004	0.72853	0.53076	0.38668	0.46583	0.21700	0.10108	0.16853	0.02840	0.00478	4475.0
3.0	9.0	27.0	1.0	1.0	1.0	6.0	36.0	216.0	0.0	0.0	0.0	6.0	36.0	216.0	0.0	0.0	0.0	1.0	1.0	1.0	0.765	0.58522	0.44769	0.68750	0.47266	0.32496	0.60125	0.36150	0.21735	0.16107	0.02594	0.00417	5687.0
1.0	1.0	1.0	1.0	1.0	1.0	2.0	4.0	8.0	0.0	0.0	0.0	3.0	9.0	27.0	1.0	1.0	1.0	2.0	4.0	8.0	0.25666	0.06587	0.01690	0.26642	0.07098	0.01891	0.72291	0.52260	0.37780	0.13372	0.01788	0.00239	2802.0
4.0	16.0	64.0	1.0	1.0	1.0	10.0	100.0	1000.0	0.0	0.0	0.0	2.0	4.0	8.0	1.0	1.0	1.0	2.0	4.0	8.0	0.31818	0.10123	0.03221	0.30990	0.09604	0.02976	0.82545	0.68137	0.56244	0.21300	0.04537	0.00966	1096.0
4.0	16.0	64.0	0.0	0.0	0.0	10.0	100.0	1000.0	0.0	0.0	0.0	3.0	9.0	27.0	1.0	1.0	1.0	2.0	4.0	8.0	0.48416	0.23441	0.11349	0.47284	0.22358	0.10572	0.72041	0.51900	0.37389	0.14864	0.02209	0.00328	3894.0
2.0	4.0	8.0	1.0	1.0	1.0	6.0	36.0	216.0	0.0	0.0	0.0	5.0	25.0	125.0	1.0	1.0	1.0	1.0	1.0	1.0	0.64916	0.42141	0.27357	0.59786	0.35743	0.21369	0.46791	0.21894	0.10244	0.17538	0.03075	0.00539	7736.0
3.0	9.0	27.0	0.0	0.0	0.0	8.0	64.0	512.0	0.0	0.0	0.0	2.0	4.0	8.0	1.0	1.0	1.0	1.0	1.0	1.0	0.775	0.60062	0.46548	0.72412	0.52435	0.37969	0.57041	0.32537	0.18559	0.15112	0.02283	0.00345	4602.0
2.0	4.0	8.0	0.0	0.0	0.0	3.0	9.0	27.0	0.0	0.0	0.0	4.0	16.0	64.0	1.0	1.0	1.0	2.0	4.0	8.0	0.285	0.08122	0.02314	0.27083	0.07335	0.01986	0.80583	0.64936	0.52328	0.24378	0.05943	0.01448	1865.0
3.0	9.0	27.0	1.0	1.0	1.0	7.0	49.0	343.0	0.0	0.0	0.0	4.0	16.0	64.0	1.0	1.0	1.0	1.0	1.0	1.0	0.77666	0.60321	0.46849	0.73926	0.54650	0.40401	0.59666	0.35601	0.21242	0.28481	0.08111	0.02310	6861.0
2.0	4.0	8.0	1.0	1.0	1.0	5.0	25.0	125.0	0.0	0.0	0.0	4.0	16.0	64.0	1.0	1.0	1.0	1.0	1.0	1.0	0.50583	0.25586	0.12942	0.49178	0.24185	0.11893	0.55208	0.30479	0.16827	0.31406	0.09863	0.03097	6572.0
4.0	16.0	64.0	0.0	0.0	0.0	10.0	100.0	1000.0	0.0	0.0	0.0	2.0	4.0	8.0	1.0	1.0	1.0	2.0	4.0	8.0	0.5325	0.28355	0.15099	0.52272	0.27323	0.14282	0.70166	0.49233	0.34545	0.11008	0.01211	0.00133	4748.0
1.0	1.0	1.0	1.0	1.0	1.0	2.0	4.0	8.0	0.0	0.0	0.0	5.0	25.0	125.0	1.0	1.0	1.0	2.0	4.0	8.0	0.4075	0.16605	0.06766	0.41097	0.16889	0.06941	0.7375	0.54390	0.40113	0.23756	0.05643	0.01340	3487.0
1.0	1.0	1.0	0.0	0.0	0.0	1.0	1.0	1.0	0.0	0.0	0.0	5.0	25.0	125.0	1.0	1.0	1.0	2.0	4.0	8.0	0.20347	0.04140	0.00842	0.22331	0.04987	0.01113	0.79304	0.62891	0.49875	0.1233	0.01520	0.00187	1167.0
1.0	1.0	1.0	0.0	0.0	0.0	2.0	4.0	8.0	0.0	0.0	0.0	5.0	25.0	125.0	1.0	1.0	1.0	1.0	1.0	1.0	0.18909	0.03575	0.00676	0.21350	0.04558	0.00973	0.50636	0.25640	0.12983	0.10855	0.01178	0.00127	1746.0
2.0	4.0	8.0	0.0	0.0	0.0	4.0	16.0	64.0	0.0	0.0	0.0	4.0	16.0	64.0	1.0	1.0	1.0	1.0	1.0	1.0	0.4375	0.19140	0.08374	0.43369	0.18809	0.08157	0.60291	0.36350	0.21916	0.16231	0.02634	0.00427	3141.0
3.0	9.0	27.0	1.0	1.0	1.0	6.0	36.0	216.0	0.0	0.0	0.0	3.0	9.0	27.0	1.0	1.0	1.0	1.0	1.0	1.0	0.6975	0.48650	0.33933	0.64079	0.41061	0.26311	0.36	0.1296	0.04665	0.27177	0.07386	0.02007	7335.0
3.0	9.0	27.0	0.0	0.0	0.0	9.0	81.0	729.0	1.0	1.0	1.0	1.0	1.0	1.0	0.0	0.0	0.0	2.0	4.0	8.0	0.67333	0.45337	0.30527	0.62564	0.39143	0.24489	0.79041	0.62475	0.49382	0.21269	0.04523	0.00962	3351.0
3.0	9.0	27.0	0.0	0.0	0.0	9.0	81.0	729.0	0.0	0.0	0.0	2.0	4.0	8.0	1.0	1.0	1.0	1.0	1.0	1.0	0.65083	0.42358	0.27568	0.60355	0.36427	0.21986	0.7125	0.50765	0.36170	0.14180	0.02010	0.00285	4763.0
2.0	4.0	8.0	1.0	1.0	1.0	5.0	25.0	125.0	0.0	0.0	0.0	3.0	9.0	27.0	1.0	1.0	1.0	1.0	1.0	1.0	0.63666	0.40534	0.25806	0.59597	0.35518	0.21168	0.69791	0.48708	0.33994	0.12251	0.01500	0.00183	7424.0
3.0	9.0	27.0	0.0	0.0	0.0	8.0	64.0	512.0	0.0	0.0	0.0	1.0	1.0	1.0	1.0	1.0	1.0	1.0	1.0	1.0	0.765	0.58522	0.44769	0.70328	0.49460	0.34784	0.59208	0.35056	0.20756	0.19217	0.03693	0.00709	4326.0
3.0	9.0	27.0	1.0	1.0	1.0	8.0	64.0	512.0	0.0	0.0	0.0	2.0	4.0	8.0	1.0	1.0	1.0	2.0	4.0	8.0	0.73583	0.54145	0.39841	0.69762	0.48667	0.33951	0.70375	0.49526	0.34854	0.11690	0.01366	0.00159	7273.0
4.0	16.0	64.0	1.0	1.0	1.0	10.0	100.0	1000.0	0.0	0.0	0.0	2.0	4.0	8.0	1.0	1.0	1.0	3.0	9.0	27.0	0.59083	0.34908	0.20625	0.54233	0.29412	0.15951	0.87166	0.75980	0.66229	0.10447	0.01091	0.00114	4639.0
4.0	16.0	64.0	0.0	0.0	0.0	9.0	81.0	729.0	0.0	0.0	0.0	5.0	25.0	125.0	1.0	1.0	1.0	1.0	1.0	1.0	0.56416	0.31828	0.17956	0.54482	0.29683	0.16172	0.6475	0.41925	0.27146	0.20647	0.04263	0.00880	5202.0
1.0	1.0	1.0	1.0	1.0	1.0	3.0	9.0	27.0	0.0	0.0	0.0	2.0	4.0	8.0	1.0	1.0	1.0	1.0	1.0	1.0	0.56083	0.31453	0.17640	0.53853	0.29001	0.15618	0.80791	0.65272	0.52735	0.12127	0.01470	0.00178	6093.0
1.0	1.0	1.0	0.0	0.0	0.0	2.0	4.0	8.0	0.0	0.0	0.0	1.0	1.0	1.0	1.0	1.0	1.0	2.0	4.0	8.0	0.40727	0.16587	0.06755	0.40011	0.16009	0.06405	0.87636	0.76801	0.67305	0.28968	0.08391	0.02430	1446.0
1.0	1.0	1.0	1.0	1.0	1.0	12.0	144.0	1728.0	0.0	0.0	0.0	4.0	16.0	64.0	1.0	1.0	1.0	2.0	4.0	8.0	0.25416	0.06460	0.01641	0.22664	0.05136	0.01164	0.65291	0.42630	0.27833	0.35013	0.12259	0.04292	2114.0
4.0	16.0	64.0	1.0	1.0	1.0	12.0	144.0	1728.0	0.0	0.0	0.0	0.0	0.0	0.0	0.0	0.0	0.0	2.0	4.0	8.0	0.3475	0.12075	0.04196	0.35920	0.12903	0.04634	0.82333	0.67787	0.55811	0.12437	0.01547	0.00192	4649.0
4.0	16.0	64.0	1.0	1.0	1.0	11.0	121.0	1331.0	0.0	0.0	0.0	3.0	9.0	27.0	1.0	1.0	1.0	1.0	1.0	1.0	0.29666	0.08801	0.02611	0.28976	0.08396	0.02432	0.50625	0.25628	0.12974	0.21082	0.04444	0.00937	5260.0
2.0	4.0	8.0	0.0	0.0	0.0	5.0	25.0	125.0	0.0	0.0	0.0	1.0	1.0	1.0	1.0	1.0	1.0	1.0	1.0	1.0	0.5775	0.33350	0.19259	0.55051	0.30306	0.16684	0.78791	0.62081	0.48914	0.12687	0.01609	0.00204	3958.0
1.0	1.0	1.0	1.0	1.0	1.0	3.0	9.0	27.0	0.0	0.0	0.0	1.0	1.0	1.0	1.0	1.0	1.0	1.0	1.0	1.0	0.46666	0.21777	0.10162	0.45959	0.21122	0.09707	0.48916	0.23928	0.11705	0.20771	0.04314	0.00896	5298.0
3.0	9.0	27.0	0.0	0.0	0.0	7.0	49.0	343.0	0.0	0.0	0.0	5.0	25.0	125.0	1.0	1.0	1.0	1.0	1.0	1.0	0.84833	0.71966	0.61051	0.84089	0.70710	0.59460	0.58041	0.33688	0.19553	0.1331	0.01771	0.00235	3387.0
3.0	9.0	27.0	0.0	0.0	0.0	8.0	64.0	512.0	0.0	0.0	0.0	0.0	0.0	0.0	0.0	0.0	0.0	1.0	1.0	1.0	0.70705	0.49993	0.35348	0.64795	0.41985	0.27204	0.56176	0.31557	0.17728	0.30465	0.09281	0.02827	4334.0
3.0	9.0	27.0	0.0	0.0	0.0	9.0	81.0	729.0	0.0	0.0	0.0	5.0	25.0	125.0	1.0	1.0	1.0	2.0	4.0	8.0	0.46916	0.22011	0.10327	0.46147	0.21295	0.09827	0.59041	0.34859	0.20581	0.16418	0.02695	0.00442	4760.0
4.0	16.0	64.0	1.0	1.0	1.0	12.0	144.0	1728.0	0.0	0.0	0.0	4.0	16.0	64.0	1.0	1.0	1.0	1.0	1.0	1.0	0.29583	0.08751	0.02589	0.29418	0.08654	0.02546	0.48583	0.23603	0.11467	0.17412	0.03032	0.00527	5532.0
1.0	1.0	1.0	1.0	1.0	1.0	1.0	1.0	1.0	0.0	0.0	0.0	0.0	0.0	0.0	0.0	0.0	0.0	1.0	1.0	1.0	0.37	0.1369	0.05065	0.37562	0.14109	0.05299	0.6925	0.47955	0.33209	0.19216	0.03692	0.00709	2294.0
1.0	1.0	1.0	0.0	0.0	0.0	1.0	1.0	1.0	1.0	1.0	1.0	1.0	1.0	1.0	0.0	0.0	0.0	2.0	4.0	8.0	0.17583	0.03091	0.00543	0.17677	0.03124	0.00552	0.5375	0.28890	0.15528	0.19401	0.03764	0.00730	1000.0
1.0	1.0	1.0	1.0	1.0	1.0	3.0	9.0	27.0	0.0	0.0	0.0	6.0	36.0	216.0	0.0	0.0	0.0	1.0	1.0	1.0	0.2875	0.08265	0.02376	0.27776	0.07715	0.02143	0.35041	0.12279	0.04302	0.22575	0.05096	0.01150	4118.0
2.0	4.0	8.0	1.0	1.0	1.0	6.0	36.0	216.0	0.0	0.0	0.0	2.0	4.0	8.0	1.0	1.0	1.0	2.0	4.0	8.0	0.54083	0.29250	0.15819	0.52589	0.27656	0.14544	0.61333	0.37617	0.23072	0.20957	0.04392	0.00920	7001.0
3.0	9.0	27.0	0.0	0.0	0.0	8.0	64.0	512.0	0.0	0.0	0.0	2.0	4.0	8.0	1.0	1.0	1.0	1.0	1.0	1.0	0.70083	0.49116	0.34422	0.64583	0.41710	0.26938	0.57833	0.33446	0.19343	0.23632	0.05585	0.01319	4725.0
4.0	16.0	64.0	0.0	0.0	0.0	11.0	121.0	1331.0	0.0	0.0	0.0	2.0	4.0	8.0	1.0	1.0	1.0	2.0	4.0	8.0	0.45833	0.21006	0.09628	0.45137	0.20373	0.09196	0.83083	0.69028	0.57351	0.25809	0.06661	0.01719	2914.0
1.0	1.0	1.0	0.0	0.0	0.0	12.0	144.0	1728.0	0.0	0.0	0.0	6.0	36.0	216.0	0.0	0.0	0.0	1.0	1.0	1.0	0.41	0.16809	0.06892	0.41412	0.17149	0.07102	0.61583	0.37925	0.23355	0.22015	0.04846	0.01067	2485.0
1.0	1.0	1.0	0.0	0.0	0.0	1.0	1.0	1.0	0.0	0.0	0.0	1.0	1.0	1.0	1.0	1.0	1.0	1.0	1.0	1.0	0.19636	0.03855	0.00757	0.18940	0.03587	0.00679	0.43727	0.19120	0.08360	0.24830	0.06165	0.01531	1349.0
3.0	9.0	27.0	0.0	0.0	0.0	8.0	64.0	512.0	0.0	0.0	0.0	3.0	9.0	27.0	1.0	1.0	1.0	1.0	1.0	1.0	0.76666	0.58777	0.45063	0.68498	0.46920	0.32139	0.42416	0.17991	0.07631	0.20025	0.04010	0.00803	4780.0
4.0	16.0	64.0	0.0	0.0	0.0	10.0	100.0	1000.0	0.0	0.0	0.0	6.0	36.0	216.0	0.0	0.0	0.0	1.0	1.0	1.0	0.4225	0.17850	0.07541	0.42549	0.18104	0.07703	0.62916	0.39585	0.24905	0.09266	0.00858	0.00079	4308.0
4.0	16.0	64.0	1.0	1.0	1.0	11.0	121.0	1331.0	1.0	1.0	1.0	4.0	16.0	64.0	0.0	0.0	0.0	1.0	1.0	1.0	0.34	0.11560	0.03930	0.35037	0.12275	0.04301	0.58041	0.33688	0.19553	0.05287	0.00279	0.00014	2425.0
3.0	9.0	27.0	0.0	0.0	0.0	7.0	49.0	343.0	0.0	0.0	0.0	2.0	4.0	8.0	1.0	1.0	1.0	1.0	1.0	1.0	0.77166	0.59546	0.45950	0.69697	0.48577	0.33857	0.54083	0.29250	0.15819	0.20025	0.04010	0.00803	4590.0
2.0	4.0	8.0	1.0	1.0	1.0	6.0	36.0	216.0	0.0	0.0	0.0	1.0	1.0	1.0	1.0	1.0	1.0	1.0	1.0	1.0	0.5975	0.35700	0.21331	0.57828	0.33441	0.19338	0.48708	0.23724	0.11556	0.28483	0.08112	0.02310	6998.0
